group	Patient	Patient	Patient	Patient	Patient	Patient	Patient	Patient	Patient	Patient	Patient	Patient	Control	Control	Control	Control	Control	Control	Control	Control	Control	Control	Control
clade_name	S1	S2	S3	S4	S5	S6	S7	S8	S9	S10	S11	S12	S13	S14	S15	S16	S17	S18	S19	S20	S21	S22	S23
Clostridia_unclassified_SGB4367	0.24316	0	0	0	0	0	0	0	0	9.08024	0	0	0	0	0	2.56215	0.36903	0.97658	0	2.43427	0.07046	0	0.12471
Parabacteroides_merdae	3.75211	0	12.81194	3.18895	0	0	2.7293	0	0.07374	7.17806	16.13813	0.75844	0	0	0.48944	0.64566	0.97734	2.16553	1.91746	0.47511	0.93749	0.43804	0.25379
Alistipes_sp_An31A	0	0	0	0	0	0	0	0	0	5.11551	0	0	0	0	0	0	0	0	0	0	0	0	0
Faecalibacterium_prausnitzii	0.54241	12.94104	2.61796	7.0991	0	5.43801	0.35141	14.42138	0.1104	4.02519	1.57206	12.41597	9.00858	9.98802	6.13172	3.98858	5.51616	8.04476	7.136	7.33255	3.52122	6.69172	0.12508
Prevotella_copri_clade_C	0	38.07463	3.04727	1.22759	0	0	0	0	16.83576	3.58236	0	0	0	0	0	0	0	0	0	0	0	0	0
Bacteroides_cellulosilyticus	0.02338	0	0	0	0	0	0	0	0	3.48071	0	0	0.76842	0	0	0	0.0224	0	0	0	0	2.83793	0.10641
Clostridia_bacterium	3.081	0.08852	1.97275	0.26912	0	0.01639	7.06329	0.73034	0.03791	3.44577	14.50769	1.19741	0.68008	0.62242	0	6.39382	6.37594	3.45802	0.48514	1.33666	0.95692	1.21628	9.80329
Sutterella_wadsworthensis	0.24798	0	0.53925	0.61204	0	0	0.14996	2.49245	0	3.38967	2.15372	0	0	0	6.84065	2.32681	0.71932	0.97305	1.2617	0.63296	0.91883	0	0
Prevotella_copri_clade_A	0	0	15.88767	19.30537	0	67.07472	0.60659	0	37.67935	3.31257	0.23816	35.24029	37.86252	0	68.99121	3.81701	24.41777	0	0	42.10657	54.29371	0	0
GGB1407_SGB1931	0	0	0	0	0	0	0	0	0	2.9828	0	0	0	0	0	0	0	0	0	0	0	0	0
GGB4266_SGB5809	0.3168	0	0	0	0	0	0	0	0.04982	2.80602	0	0	0	0	0	0	0	0	0	0	0	0	0
GGB9635_SGB15106	3.91218	0	0.12561	0	0	0	0.19448	0	0	2.56317	0.90396	0.0102	0	0	0	0	0.20814	2.41877	0	0.39625	0	0	0
Prevotella_copri_clade_B	0	0	0.80872	0	0	0	0	0	0	2.54058	0	0	0	0	0	0	0	0	0	0	0	0	0
Bacteroides_faecis	0.12394	0	0	0	0	0	0.67567	0.0375	0.04821	2.3635	1.20872	4.0117	0	0	0	0.38858	0.44922	0	0.57745	0	0	0	0
Rikenellaceae_bacterium	0	0	0.242	0	0	0	0	0	0	2.15331	0	0	0	0	0	0	0	0	0	0	0	0	0
GGB1154_SGB1482	0	0	0	0	0	0	0	0	0	2.08666	0	0	0	0	0	0	0	0	0	0	0	0	0
Escherichia_coli	6.45392	0.04601	0.06861	0.34014	4.34837	0.24063	0	0.22506	0	2.05027	0	0	0	0.00375	0	0.21381	0	0	0.45158	0.25151	0.14889	0.00156	0.24471
Clostridia_unclassified_SGB6317	0	0	0	0	0	0	0.36748	0	0	1.94928	0	0	1.27732	0	0	0	0	0	0	0	0	0	0
Dorea_longicatena	0	0.15233	0.19186	0.00811	0	0.0076	0.13529	0.37241	0	1.92955	0.00269	0.06897	0.0232	0.28675	0	0	0.02162	0.13245	0.13954	0.34405	0.00598	0.0753	0.07347
Phocaeicola_massiliensis	0	0	0.12004	7.39072	0	0	0	0	0	1.767	0	2.35598	0	0	2.81726	1.85643	0.99246	0	0	1.99725	0	5.23347	0.24272
Eubacterium_sp_AM28_29	0.00752	0.31644	0.66418	0.14328	0	0.03603	0	0	0	1.56692	0.04884	0.30512	0	0.94903	0	0	0	0	0.33412	0.2444	0	0	0
Alistipes_onderdonkii	1.23423	0	0.41819	1.18716	0	0.74022	0	0	0	1.48252	0	4.37575	0.22358	2.24968	0	0	0.2169	0.54523	1.29199	0.62868	0.64007	1.12961	0.85257
Coprococcus_comes	0	0.01208	0.04874	0	0	0	0	0.18125	0.00158	1.45352	0	0.01691	0.05208	0.11956	0	0.40852	0.00895	0.12381	0.36163	0.44637	0.04127	0.14218	0.00359
Blautia_wexlerae	0.0463	0.53666	0.09408	0.07885	0	0.52917	0.10302	0.28957	0.15635	1.2733	0.01351	0.05334	0.05054	1.24594	0	1.17368	0.06456	0.10303	0.37615	0.11688	0.04505	0.34461	0.04024
GGB4585_SGB6340	0	0	0	0	0	0	0	0	0	1.20346	0.22168	0	0.39674	0.00628	0	0	0	1.29322	0	0.22193	0.05713	0	0
Butyricimonas_faecihominis	0.45059	0	0.15603	0	0	0	0.00888	0.64772	0	1.16691	0.00856	0	0	0	0	0.95693	0.07276	0	0.09681	0	0	0.20955	0
GGB9633_SGB15091	0.48966	0	0.0021	0	0	0	2.24037	1.85068	0.0666	1.01538	0.17105	0.31765	0	0	0	1.07056	0.00511	0.1003	0	0.24886	0.19205	0.21138	6.04296
Alistipes_shahii	0.46399	0	0.36794	0.06259	0	0	0.42358	0	0.08494	1.01394	3.08629	1.84318	0.5178	0	0.51124	8.07708	3.09586	3.19094	0.55829	0.37801	1.81172	0.49149	0.13927
Bacteroides_uniformis	1.55691	0	6.34883	2.76239	0	0	0.86477	2.26602	36.52456	1.00754	0.41933	5.33743	2.13633	3.96794	0.61949	1.28202	0.56068	5.76443	2.48462	0.44036	0.90448	13.86754	1.34053
Fusicatenibacter_saccharivorans	0	0.04827	0.03414	0.00805	0	0.06012	0.13646	1.24741	0.00465	0.87865	0.00275	0.02521	0.70113	1.83283	0	0.50376	0.08136	0.46054	0.61456	0.20073	0.02386	0.6925	0.14074
Ruminococcaceae_unclassified_SGB15265	0	0	0	0.03069	0	0	0	0	0	0.84222	0	0	0	0	0	0.15767	0.12359	0.69808	0.24417	0.15806	0	0.02233	0.00352
Alistipes_finegoldii	6.77841	0	2.25797	3.03163	0	0	0.00828	0	0.07314	0.76308	3.19175	0.22148	1.83221	0	0.24609	1.57186	0.31795	0.73475	0.0091	0.23344	0.70659	0.59392	0.14431
Ruminococcaceae_unclassified_SGB15234	0.03657	0	0	0	0	0	0.88214	0	0	0.7516	0.24757	0.06478	0.05257	0	0	3.37902	2.65751	0.51052	1.3035	0.62799	0.0711	0.16437	0.48498
Ruminococcus_torques	0.1654	0.66031	0.42944	0.06814	0	0.36319	0.03814	1.20471	0.18174	0.67624	0.47427	0.32673	0.09561	0.72541	0.07207	0.31186	0.00434	0.0827	0.34194	0.37634	0.19857	0.16439	0.90946
Barnesiella_intestinihominis	2.7907	0	1.41533	1.19605	0	0	0	0	0.01593	0.63422	4.54498	0.9734	0.09863	0	0.36019	8.09009	1.07241	0.82324	0.25239	0.73418	0.90639	0	1.61787
GGB9642_SGB15119	0.09334	0	0.10317	0	0	0	0	0	0	0.60814	0.00704	0.07508	0	0	0	0	0	0	0	0	0	0	0
Faecalibacterium_SGB15346	0	0	0.35232	0.5196	0	0.11084	0.09101	1.44911	0	0.57031	0.13502	0.31161	0.03903	0.75296	0	1.46642	1.48097	0.54745	4.77418	1.26973	0.31208	0.27667	0.00407
GGB9709_SGB15238	0	0	0	0	0	0	0	0	0	0.55206	0	0	0	0	0	0	0	0	0	0	0	0	0
Phocaeicola_vulgatus	1.562	8.17382	0.33111	9.04422	0	7.01918	0.48577	4.49784	0.11849	0.54392	1.035	0	6.548	33.84313	5.12292	0.253	1.4613	6.95649	4.32758	3.30233	10.68682	14.65667	4.65871
Alistipes_ihumii	0.11614	0.10668	0.20997	0	0	0	0	0.50929	0	0.52887	0	0.01338	0.09728	0	0	1.76607	0.08741	0.05162	0	0.07766	0.02105	0	0.10026
Massilicoli_timonensis	0	0	0.00619	0	0	0	0.03751	0	0	0.51326	0	0	0	0	0	0	0	0	0	0	0	0	0.22906
Collinsella_aerofaciens	0.00972	0.05336	0.24247	0.09265	0	0.00943	0.15752	0.26034	0.00657	0.51012	0.06237	0	0	0.0176	0	0.20195	0.13629	0.76692	0.47245	0.12815	0.03912	0	0.2146
Bacteroides_finegoldii	0.01593	0	0.14207	0	0	0	0.01792	0	0	0.50138	0	0	0	0.15527	0	0	0	0	0.15753	0	0	0	0
GGB4603_SGB6367	0	0	0	0	0	0	0	0	0	0.50071	0	0	0	0	0	0	0	0	0	0	0	0.2079	0.20252
Bacteroides_xylanisolvens	0.32593	0	1.22575	0.51738	0	0	0.03658	0.70806	0	0.49404	0.03645	0.64537	0	0	0	0	0	0.03048	0.16752	0.52775	0.61073	0	0
Coprococcus_eutactus	0.23927	0	0	0	0	0	0.06556	0.17432	0	0.46494	0.17774	0	0.21254	0	0	0	0.04746	2.60934	0.01671	0.41819	0	0.44194	0.00068
Ruminococcus_lactaris	0	0.03507	0.04163	0.87542	0	0.03875	0	0.17321	0	0.44312	0.09796	0	0	0	0	0.15099	0	0.24017	0.66489	0	0.09436	0	0
GGB1495_SGB2071	0.57462	0	0.08698	0	0	0	0.06398	0	2.45983	0.44028	0	0	0	0	0	0	0	0	0	0	0	0	0
GGB9758_SGB15368	0	0	0.02326	0	0	0	0.01083	0.60531	0.02303	0.42762	0.08426	0.05957	0	0	0	0.73776	0.81674	2.85567	1.43984	0.11621	0.08635	0.78303	0
GGB9602_SGB15031	0.06576	0	0.04552	0.03477	0	0	0.64419	0.29256	0.05407	0.41181	0.08586	0.00232	3.31926	0	0	2.16319	0.71824	0.49726	0.26808	0.09105	0.1868	0	0.00215
Phascolarctobacterium_succinatutens	0.14259	0	0.29425	1.01447	0	0	0.32321	0	0	0.40457	0.62098	0.60018	0	0	0	0	0	0	0	0	0	0	0
GGB3277_SGB4327	0	0.32598	0	0	0	0	0	0	0	0.40344	0	0	0.14387	0.25018	0.16316	0.32995	0	0	0	0	0	0	0
Alistipes_putredinis	0.01921	0	0.73569	2.70016	0	0	0.10159	6.2679	0.06267	0.40205	0.56958	3.03644	1.58813	0	1.23567	6.71658	4.90752	4.41268	1.26813	4.63078	2.28371	8.9357	0.10645
Lachnospira_eligens	0.21843	0	0.15843	0	0	0	0	0.61859	0.1163	0.38251	0.07576	0	0.178	0	0.71213	0.10227	0.68247	0.09447	0.67363	0.35878	0.46708	0.41504	0.03039
Blautia_massiliensis	0.003	0	0.01774	0	0	0.00248	0.05614	0.34474	0	0.38065	0	0	0.01402	0.54024	0	0.10473	0	0.02107	0.17211	0.03139	0	0.06077	0
Clostridium_fessum	0.01258	0	0.17842	0.15047	0	0.33208	0.014	0.17519	0.02733	0.36716	0	0.31216	0.01913	0.05301	0	0.07828	0.47087	0.32536	0.22536	0.14903	0.10202	0.18048	0
Ruminococcaceae_bacterium	2.81851	0.22503	0.36218	0.88379	0	0.09791	0.15555	0.41678	0.0316	0.36476	0.51862	0.00848	0.5959	0	0	0.82633	3.94881	5.10537	0.24464	0.45684	0.47923	0.26527	5.09941
Parabacteroides_distasonis	9.26417	0	0.57577	2.49226	0	0.75741	11.22817	0.8812	0.17962	0.36045	3.07534	0.85479	0	1.42652	0.24735	0.20816	0.34639	0.58338	0.59364	0.84203	0.65939	0.70669	0.38693
Catenibacterium_sp_AM22_15	0	0	0.05164	0	0	0.05376	0	0	0.00671	0.33845	0	0	0	0	0	0	0	0	0	0	0	0	0
Bacteroides_stercoris	0	0	0	0.57625	0	0.37885	0	4.58067	0	0.32434	0.07003	0	0.14642	9.44834	0	0	0	1.95991	0.63077	0.58871	0	0	0.43557
Lentisphaeria_bacterium	0.33294	0	0	0	0	0	0.60961	0	0	0.30739	0.06121	0.00259	0.05434	0	0	0.41661	0.04833	0.56282	0	0.1983	0	0.79357	0.61839
Desulfovibrio_piger	0.44064	0	0.18077	0	0	0	0.35134	0	0	0.30369	0.18814	0.00037	0	0	0	0	0	0	0	0	0	0	0
Odoribacter_splanchnicus	0.05984	5.59441	0.15222	0.41819	0	0	0.91596	0	0.00995	0.29228	1.64115	1.33336	0.71466	0	0.16226	0.89443	0.21051	0.43833	0.07809	0.91297	1.20099	0.25742	0.40112
Streptococcus_thermophilus	0	0.05361	0	0.03123	0	0	0.05106	0	0.03678	0.26436	0	0	0	0	0	0.3447	0	0	0	0.02964	0.00986	0	0
Alistipes_communis	0	0	0.17538	0	0	0	0.39527	0	0	0.26187	0.00771	0	0	0	0	1.89832	0.20295	0.79191	0.48162	0	0.13552	0.81	0.05783
Alistipes_senegalensis	0.38447	0	0.42607	0	0	0	0.81546	0.88794	0	0.20893	0.20628	0	0	0	0	0.12767	0.06675	0	0	0	0	0.22037	0
Ruminococcaceae_unclassified_SGB15236	0.31798	0	0.07776	0	0	0	0.40584	0.73139	0	0.2023	0.40965	0	0.16706	0	0	0	1.0725	0.28331	0	0.07137	0.34245	0.05995	0
Paraprevotella_clara	0.25172	0	0.06335	0	0	0	0.37486	0	0	0.19015	0	0	0	0	0	0.66415	0	0	1.05936	0	0	0	0
Ruminococcaceae_unclassified_SGB15309	0	0	0	0	0	0	0	0	0	0.17168	0.00165	0	0.08536	0.04063	0	0	0	0	0	0	0	0	0
Eubacterium_siraeum	0.01752	0	0.0307	1.38608	0	0.00691	0	0.04684	0	0.16335	0	0	0	0	0	1.15584	1.79957	0	0.01045	0	0.5023	0	0.00997
Candidatus_Schneewindia_gallinarum	0	0	0	0	0	0	0	0	0	0.16118	0	0	0	0	0	0	0	0	0	0	0	0	0
Bacteroides_ovatus	1.06383	0	0.33559	0.03973	0	1.2118	0.3953	1.9909	0	0.15519	4.80391	0.52909	3.45797	4.0087	1.16146	0.69743	0.44231	0.75436	0.22857	0.71863	0.79428	3.87537	0.08719
GGB9699_SGB15216	0.0057	0	0.2503	0.86541	0	0	0.06039	0.67983	0	0.14615	0.03246	0.10649	0.29245	0	0	1.01599	0.23614	0.03255	0.25294	0.1397	0.01488	0.08043	0.11141
Roseburia_inulinivorans	0.05234	1.32364	0.01979	0.35874	0	1.14297	0	1.74346	0.00717	0.14332	0.15065	0.02432	0	0	0.25564	0.06463	0.22159	0.14544	0.66873	0.02257	0.2582	0.81769	0
Blautia_SGB4805	0	0	0.01189	0	0	0	0.02309	0.02566	0	0.13565	0	0	0	0	0	0.00325	0	0	0.056	0	0	0	0
Lachnospiraceae_bacterium	0.02887	0.08642	0.11692	0.38914	0	0.4644	0.08672	0.55879	0.027	0.1181	0.0484	0.6458	0.37951	0.37687	0	0.21885	0.4174	1.28416	0.91389	0.26225	0.49183	0.92082	0.60259
Eubacterium_ramulus	0	0.1172	0.0116	0	0	0.00195	0	0	0	0.11517	0	0.01687	0.08482	0.14369	0	0.27896	0	0	0.02932	0	0	0.07894	0
Coriobacteriales_unclassified_SGB72475	0	0	0	0	0	0	0	0	0	0.10471	0	0	0	0	0	0	0	0	0	0	0	0	0
Coprococcus_catus	0	0	0.04708	0	0	0	0	0.20126	0	0.09266	0.0049	0.03113	0.00057	0.15761	0	0.0711	0	0.03311	0.33085	0.01318	0	0.02841	0
GGB1266_SGB1699	0.80952	0	0.15267	0	0	0	0.06756	0	0	0.08919	0	0	0	0	0	1.61722	1.42443	0	0	0	0	0	0
Gemmiger_formicilis	0	0	0.07979	0.23098	0	0.2533	0	1.01164	0.16532	0.08593	0.35204	0.25388	0.16079	2.21467	0.21124	0.20942	0.6646	0.17592	0.83548	0.29961	0.1879	0.19062	0
GGB4750_SGB6579	0.00587	0	0	0	0	0	0.39617	0	0	0.08566	6.2273	0	0	0	0	0	0	0	0	0	0	0	0
Bifidobacterium_adolescentis	0	0	0	0.09971	0	0	0	0	0.05663	0.08555	0	0	0	0	0	0.02239	0.19062	0.08438	1.2438	0	0	0	0.2735
Ruminococcus_callidus	0.42457	0	0.16989	0.07901	0	0.03353	0	0.00866	0	0.08507	0.08377	0	0	0	0	0	0	0.00174	0	0	0	0.40049	0
Akkermansia_muciniphila	1.97181	0	0	4.92399	0	0.28433	1.0873	0	0	0.0787	3.27625	0	0	0	0	0	0.58911	0.68603	0	0	0	0.093	0
Blautia_faecis	0.01924	0	0.09114	0.06515	0	0.01852	0	0.62831	0.00637	0.06493	0.05773	0.02278	0.00744	0.11479	0	0.00041	0	0.20461	1.31316	0.00249	0.03405	0.27496	0.00996
Blautia_sp_MSK_21_1	0	0	0	0	0	0	0	0.02001	0	0.06448	0	0	0	0	0	0	0	0	0.00411	0	0	0	0
GGB9691_SGB15198	0	0	0	0	0	0	0	0	0	0.06429	0.0055	0	0	0	0	0	0	0	0	0	0	0	0
GGB9615_SGB15053	0.13923	0	0.0107	0.52855	0	0	0.01411	0.32605	0	0.0627	0.1525	0.26285	0.95843	1.07186	0	0	0.36202	1.37896	0.12777	0.34432	0.79816	1.0185	0
Dorea_formicigenerans	0	0.0737	0.0241	0.00491	0	0.0202	0.01336	0.19615	0	0.05981	0.00398	0.13089	0	0.10916	0	0.00422	0	0.10613	0.14619	0.05131	0.00026	0.00954	0
Blautia_SGB4815	0	0	0.0462	0	0	0	0.00624	0.3598	0	0.05763	0	0.0075	0	0	0	0	0	0.02816	0.05014	0	0	0.00668	0.03669
GGB6566_SGB9275	0	0	0	0	0	0	0	0	0	0.05363	0	0	0	0	0	0	0	0	0	0	0	0	0
Dorea_sp_AF36_15AT	0.02871	0	0.07248	0	0	0	0.02165	0.00577	0	0.05139	0	0.00829	0	0.00833	0	0.00391	0	0.02752	0	0	0	0.01106	0
Blautia_obeum	0	0.20233	0.18879	0.0718	0	0	0.01157	1.3438	0.06909	0.05086	0.18136	0.30476	0	0.09408	0	0.00529	0	0.26523	1.10768	0.24757	0.02589	0.23685	0.18961
GGB3746_SGB5089	0	0	0	0	0	0	0	0	0	0.04862	0	0	0	0	0	0	0.51984	0.15303	0.48487	0.03251	0.34098	0.13641	0
Streptococcus_parasanguinis	0	0	0	0.1268	0	0.01466	0.00483	0	0	0.04753	0.03964	0	0	0.00229	0	0	0	0	0	0	0	0.00555	0
Roseburia_faecis	0.01931	1.04375	0.04107	0	0	0	0	1.3138	0	0.04294	0.0383	0	0	1.83369	0.05787	0	0.01873	0	4.05389	0	0.14306	2.16261	0.08805
Megamonas_funiformis	0	0	0.0885	0	0	0	0	0	0	0.03955	0	0	0.02169	0	0	0	0	0	0	0	0	0	0
GGB9632_SGB15089	0	0	1.71395	0	0	0.09869	0.03688	0.17564	0	0.03893	0	0.10363	0	0.00958	0	0.19307	0	0.01846	0.32074	0.02248	0.00655	0	0.00444
Trueperella_pyogenes	0	0	0.00138	0	0	0	0	0.02452	0	0.0375	0	0	0	0	0	0	0	0	0	0	0	0	0
Eubacterium_rectale	0.30055	0.07593	1.39631	0.19228	0	0.01065	0.01584	3.47783	0.41571	0.03589	0.01413	0.03317	0.06768	1.08107	0	0.10027	5.22437	6.11904	23.83731	4.05033	0.88172	0.5009	0.06598
Phocaeicola_coprocola	0	0	0	0	0	0	0.02273	0	0	0.02691	0.06628	0	0	0	0	0	0	0	0	0	0	0	0
Rothia_mucilaginosa	0	0	0	0	0	0	0.01241	0	0	0.02459	0	0	0	0	0	0	0	0	0	0	0	0	0
Senegalimassilia_anaerobia	0.00215	0	0.05646	0	0	0	0.01071	0	0	0.0233	0	0	0	0	0	0	0	0	0	0	0	0	0
Anaerostipes_hadrus	0	0.04272	0.04322	0.2177	0	0	1.44817	1.70703	0.11304	0.02097	0	0.08228	0.04973	0.26946	0.04449	0.34962	0	0.10229	0.16839	0	0.00183	0.18715	0.12018
Romboutsia_timonensis	0	0	0	0.00289	0	0.00068	0	0.0178	0	0.02093	0	0	0	0	0.31072	0.02807	0	0	0.03588	0	0.03025	0	0.00955
Oscillibacter_sp_ER4	0	0	0.16326	1.75692	0	0	0.03022	0.91172	0.01114	0.02077	0.05263	0.02985	0.73213	1.3041	0.22479	3.51992	0.35405	1.09889	0.44569	1.32132	1.58623	0.99593	0
Mediterraneibacter_butyricigenes	0	0	0.00098	0	0	0	0	0.02157	0	0.02072	0	0.00247	0	0	0	0	0	0	0	0	0	0	0.00391
Blautia_SGB4831	0	0	0.02712	0	0	0	0	0.07184	0.00771	0.01973	0	0	0	0	0	0.01209	0	0	0.00433	0	0	0	0
Candidatus_Cibiobacter_qucibialis	0.06174	0	0.18757	0.07066	0	0.15436	0.23603	1.48967	0.00761	0.01968	0.1555	0.27494	1.45875	1.67006	0	1.5469	0.30517	2.95499	4.34496	1.55479	0.02082	2.49388	0.80809
Firmicutes_bacterium_AF16_15	0	0.03308	0.03617	0	0	0.02576	0	0.12728	0	0.01958	0	1.34155	3.11463	0.40304	0	0.06511	0.46039	0.86782	0.63136	0.83523	0.49443	1.7877	0
Agathobaculum_butyriciproducens	0	0.052	0.03576	0.00935	0	0.12074	0	0.0616	0.00199	0.01856	0.00363	0.17051	0	0.02442	0	0.02273	0.01176	0.01968	0.08234	0.02562	0	0	0
Clostridium_sp_AF20_17LB	0	0	0	0.01726	0	0.03967	0	0.01267	0	0.01477	0	0.17253	0.15577	0.10497	0	0	0.00895	0.14811	0.06436	0.04846	0	0	0
Lacrimispora_celerecrescens	0	0	0.06107	0	0	0.0081	0	0	0	0.0145	0	0.02455	0	0	0	0.09299	0	0	0.04571	0.20781	0.02057	0.15638	0
Allisonella_histaminiformans	0	0	0	0	0	0.04315	0	0	0	0.01402	0	0	0	0	0	0	0	0	0	0.02569	0	0	0
Collinsella_bouchesdurhonensis	0	0.01096	0	0	0	0	0	0	0	0.01384	0.00513	0	0	0	0	0	0	0	0	0	0	0	0
GGB9730_SGB15291	0	0	0	0.01796	0	0.05993	0	0.02292	0.04414	0.01361	2.63769	0	0	0	0	0	0.04745	0.05901	0.13951	0.0745	0	0	0
Sanguibacteroides_justesenii	0	0	0	0	0	0	0	0	0	0.01026	0	0	0	0	0	0	0.04022	0	0	0	0	0	0
Lachnospira_SGB5077	0	0.00373	0	0.05672	0	0	0	0	0	0.00968	0.02315	0	0	0	0.2066	0	0	0.34999	0.49445	0	0	0	0
Alistipes_sp_AF17_16	0.11372	0	0	0	0	0.00481	0	0	0	0.00795	0	0	0	0	0	0.38975	0.04325	0	0.04594	0	0.05007	0.10434	0
Gemmiger_sp_An120	0	0	0	0	0	0	0.00881	0	0	0.00694	0	0	0	0	0	0	0	0	0	0	0	0	0
Peptococcaceae_bacterium	0	0	0	0	0	0	0.00088	0	0	0.00589	0	0	0	0	0	0	0	0	0	0	0	0	0
Coprobacter_secundus	0.6721	0	0	0	0	0	0	0	0	0.0047	0	0.01137	0	0	0	0	0	0	0	0	0	0	0
Clostridium_sp_AM22_11AC	0.02477	0	0.05361	0.05369	0	0.11403	0	0.0006	0.05938	0.00447	0	0.25682	0.04121	0.10565	0.03742	0	0.12698	0	0.01586	0.05477	0.00496	0.02182	0
Anaerotignum_faecicola	0	0.98512	0.00966	0.28494	0	0	0	0.21963	0	0.00256	0.06207	0.079	0.06113	0	0	0	0.0352	0.22285	0	0.282	0.01194	0.02264	0.14748
Candidatus_Borkfalkia_ceftriaxoniphila	0	0	0.25222	0.02789	0	0	0	0.00603	0	0.00077	0	0	0.08085	0	0	0	0.34851	0.02877	0	0	0	0.09403	0.02907
GGB2977_SGB3959	0.00131	0	0	0	0	0	0	0	0	0.0007	0	0	0	0	0	0	0	0	0	0	0	0	0
Bacteroides_fragilis	0.31675	0	0.05822	0	0	0	1.5345	4.83612	0	0	5.2285	0	0.00446	1.5812	0	0	0	0.14905	0.15625	0	0.03373	0.06378	0.58257
Duodenibacillus_massiliensis	0	4.64945	0	0	0	0	0	0	0.01431	0	3.59916	1.62278	0	0	0	0	0	0	0	0	0	0	0
GGB4569_SGB6310	0	0	0	0	0	0	0.00116	0	0.19178	0	2.61014	0	0	0	0	2.8104	0.02693	0	0	0.16018	0	0	0
Bacteroides_caccae	19.03185	0	0.09631	1.06869	0	0	0.44982	0	0.08839	0	2.39923	0	2.68701	0	0.0892	1.20424	0.19572	1.6383	3.30584	0.36299	0.39042	0	0
Blastocystis_sp_subtype_1	0	0	0	0	0	0	0	0	0	0	1.67216	0	0	0	0	0	0	0	0	0	0	0	0
Bacteroides_salyersiae	0	0	0.23504	0	0	0	0	0	0	0	1.21302	0	0	0	0	0	0	0	0	0	0	0	0
Phocaeicola_coprophilus	0	0	0	0	0	0	0	0	0	0	0.48962	0	0	0	0	0	0	0	0	0	0	0	0
Lachnospiraceae_bacterium_WCA3_601_WT_6H	0.09347	2.0359	0	1.93464	0	0.55721	0	0.12758	0.44111	0	0.44261	0.09193	0.00874	0	0	0.54165	0.50677	0.62717	0.21677	0.02614	0.13451	0	0
Ruminococcus_bromii	2.74032	0	0.00571	0	0	0.12622	1.99858	1.22692	0	0	0.42998	0.15025	0	0	0	0	0.01766	0.42753	0.44192	0.17588	0.21985	0.54588	2.22751
Phocaeicola_dorei	0.58116	0	2.48952	0	0	0	0	13.84123	0	0	0.42038	6.97864	3.21488	0	0.22746	1.80766	0.04158	0	0	0	0	0	1.0349
Acholeplasmatales_unclassified_SGB6584	0	0	0	0	0	0	0	0	0	0	0.35817	0	0	0	0	0	0	0	0	0	0	0	0
GGB9710_SGB15239	0.01674	0	0	0	0	0	0	0	0	0	0.31212	0.05007	0	0	0	0	0	0	0	0	0	0	0
Porphyromonas_pasteri	0	0	0	0	0	0	0	0	0	0	0.28465	0	0	0	0	0	0	0	0	0	0	0	0
GGB9712_SGB15244	0.84112	0	0.14744	0	0	0	0.11573	0.1783	0.01011	0	0.26399	0.00371	0	0	0	0	0	0	0	0	0.01759	0	0.04851
Eggerthella_lenta	0	0.0014	0	0	0	0	0	0.03063	0	0	0.25334	0	0	0	0	0	0	0	0	0	0	0	0.0043
Bilophila_wadsworthia	0.41736	0	0.13698	0.18167	0	0	0.09476	0.18582	0.02983	0	0.19838	0.12998	0.12147	0	0	0.18533	0.13673	0.17178	0.35778	0.11063	0.09319	0.20538	0.00674
Veillonella_atypica	0	0	0	0.00684	0	0.03595	0	0	0	0	0.17389	0	0	0.05926	0.10022	0	0	0	0	0	0.92296	0.14001	0
Ruminococcus_gnavus	0	0	0	0	0	0	0	0.12596	0	0	0.16396	0	0	0	0	0	0	0	0	0	0.05284	0	0.03856
GGB9635_SGB15101	0	0	0	0	0	0	0.48793	0	0	0	0.16126	0	0	0	0	0	0	0	0	0	0	0	0
Butyricimonas_virosa	0.26521	0	0	0	0	0	0	0	0	0	0.14906	0.16094	0	0	0	0	0	0	0	0	0	0.13456	0
Bacilli_unclassified_SGB6428	0	0	0	0	0	0	0.02775	0	0	0	0.13882	0	0	0	0	0	0	0	0	0	0	0	0
Alistipes_indistinctus	0.0197	0	0	0	0	0	0	0	0	0	0.12026	0	0.07506	0	0	0.88579	0.03219	0	0	0.02603	0.01374	0.0087	0.13607
Megasphaera_micronuciformis	0	0	0	0	7.11631	0	0	0	0	0	0.1006	0	0	0	0	0	0	0	0	0	0.03142	0	0
Bacteroides_thetaiotaomicron	0.09886	12.70528	0.04454	3.91228	0	0	0	3.27757	0	0	0.09381	0	0.90802	6.44335	0.05738	0	0	0.52724	0	0.17565	0.4313	2.81109	0.89301
GGB9635_SGB15102	0	0	0	0	0	0	0	0	0	0	0.09194	0	0	0	0	0	0	0	0	0	0	0	0
Veillonella_dispar	0	0	0	0.03332	1.1273	0.03142	0	0.03472	0	0	0.09031	0	0	0.03148	0.22393	0	0	0.00371	0.12352	0.03374	0.84109	0.11042	0
Sutterella_seckii	0	0	0	0	0	0	0	0	0	0	0.08462	0	0	0	0	0	0	0	0	0	0	0	0
Neisseria_subflava	0	0	0	0	0	0	0	0	0	0	0.08283	0	0	0.10806	0	0	0	0	0	0	0	0	0
Acinetobacter_johnsonii	0	0	0	0	0	0	0	0	0	0	0.07914	0	0	0	0	0	0	0	0	0	0	0	0
Neisseria_sicca	0	0	0	0	0	0	0	0	0	0	0.07591	0	0	0	0	0	0	0	0	0	0	0	0
Clostridiales_Family_XIII_bacterium_WCA_MUC_591_APC_4B	0	0	0	0	0	0	0	0	0	0	0.07538	0	0	0	0	0	0	0	0	0	0	0	0
Veillonella_parvula	0	0.41179	0	0.01956	4.02385	0.11686	0	0.00835	0	0	0.07057	0	0	0	0	0	0	0	0.02071	0.00197	0.68557	0.09576	0
GGB9342_SGB14306	1.77323	0	0.08927	0	0	0	4.09176	0	0	0	0.06743	0	0	0	0	0	0.21114	0	0.20535	0.21379	0.06009	0.083	1.00199
Bifidobacterium_bifidum	0	0	0	0	0	0	0	0.02312	0	0	0.06027	0	0	0	0	0	0.02117	0	0.02691	0.23141	0	0	0
GGB9291_SGB14248	0	0	0	0	0	0	0	0	0	0	0.05961	0	0	0	0	0	0	0	0	0	0	0	0.07176
Candidatus_Saccharibacteria_unclassified_SGB19850	0	0	0	0.09246	0	0.01533	0	0.14293	0.0279	0	0.05832	0.02919	0	0.06749	0	0	0.0054	0	0	0	0.01406	0	0.01105
Faecalibacillus_intestinalis	0	0.171	0	0	0	0	0.00047	0.09476	0	0	0.05633	0	0.03512	0	0	0	0	0.18711	0.13149	0.02188	0.03442	0.04699	0
Faecalicatena_fissicatena	0	0	0	0	0	0	0	1.01787	0.0644	0	0.05509	0.13558	0.01861	0.5627	0	0.14869	0	0.12698	1.09416	0	0.01599	0.2155	0
GGB9581_SGB14999	0	0.21249	0	0.01874	0	0.00403	0	0.02925	0	0	0.05471	0.0027	0	0.06066	0	0	0	0.00294	0.01713	0	0.00584	0	0
GGB9633_SGB15090	0	0	0.91274	2.38812	0	0	2.70632	0	0	0	0.05239	0	0.07236	0	0	0	0	0	0	0	0	0	0
Holdemanella_biformis	0	0	0	0	0	0	0	0	0.00276	0	0.0516	0	0	0	0	0	0	0	0	0	0	0	0
GGB4599_SGB6362	0	0	0	0	0	0	0	0	0	0	0.04878	0	0	0	0	0	0.0564	0	0.49149	0	0	0	0
Adlercreutzia_equolifaciens	0	0	0	0	0	0	0	0	0	0	0.04124	0	0	0	0	0	0	0.00199	0	0	0	0	0
Streptococcus_mitis	0	0.00107	0	0	0	0	0	0	0	0	0.0365	0	0	0.00306	0	0	0	0	0	0	0	0.00415	0
Lachnospiraceae_unclassified_SGB4894	0	0	0	0	0	0	0.007	0	0	0	0.03499	0	0	0	0	0	0.04546	0	0	0	0	0	0
Prevotella_histicola	0	0	0	0	0	0	0	0	0	0	0.03045	0	0	0	0	0	0	0	0	0	0	0	0
Bacilli_bacterium	0	0	0	0	0	0	0.24471	0	0.01453	0	0.02989	0	0.24621	0	0	0	0	0	0	0.01773	0	0	0
Veillonella_rogosae	0	0	0	0	0	0	0	0.14978	0	0	0.02825	0	0.01751	0.06407	0	0	0	0	0	0.01614	0	0	0
GGB3256_SGB4303	0	0	0	0	0	0.8514	0.02919	0	0	0	0.0273	0	0	0	0	0	6.45964	0	0.27143	0.01213	0.07367	0.74349	0.02397
Porphyromonas_SGB2042	0	0	0	0	0	0	0	0	0	0	0.02639	0	0	0	0	0	0	0	0	0	0	0	0
Anaerobutyricum_hallii	0	0.10582	0.06598	0.00481	0	0	1.5126	0.13745	0.02874	0	0.02532	0.02018	0	0.08186	0	0.04045	0.00286	0	0.05457	0.01076	0	0.04526	0
Prevotella_jejuni	0	0	0	0	0	0	0	0	0	0	0.02524	0	0	0	0	0	0	0	0	0	0	0	0
Prevotella_melaninogenica	0	0	0	0	0	0	0	0	0	0	0.02495	0	0	0	0	0	0	0	0	0	0	0	0
GGB1420_SGB1957	0	0	0	0	0	0	0	0	0	0	0.02491	0.49092	0	0	0	0	0.07898	0	0	0	0	0	0
TM7_phylum_sp_oral_taxon_348	0	0	0	0.00088	0	0	0	0	0.00158	0	0.02141	0	0	0.0035	0	0	0	0	0	0	0	0	0
Alloprevotella_SGB1466	0	0	0	0	0	0	0	0	0	0	0.02085	0	0	0	0	0	0	0	0	0	0	0	0
Clostridium_sp_AF36_4	0	0	0	0.26266	0	0.00405	0	0.11028	0	0	0.02033	0	0.11409	0.04073	0	0	0.48576	0.94223	0.52018	0.08646	0.01448	0	0.1065
Tropheryma_whipplei	0	0	0	0.03416	0	0	0	0	0	0	0.01839	0	0	0	0	0	0	0	0	0	0	0	0
Solobacterium_SGB6833	0	0	0	0.00017	0	0.00336	0	0	0	0	0.0182	0	0	0	0	0	0	0	0	0	0	0	0
Haemophilus_parainfluenzae	0	0.82525	0	0.02591	0	0.09137	0.01033	0.49081	0	0	0.01783	0	0.06992	0.11943	0	0.00307	0	0.0006	0.16494	0.02738	0.20442	0.03615	0
Clostridia_unclassified_SGB6276	0.01871	0	0	0	0	0.12694	0.00434	0	0.20495	0	0.01718	0	0	0	0	0	0	0.96191	0.16789	0.30449	0	0	0.28335
Eubacterium_ventriosum	0	0	0	0.04185	0	0.01439	0	0.00659	0	0	0.01516	0	0	0.33851	0	0	0.08273	0	0.33462	0.43704	0	0.0047	0
GGB9593_SGB15015	0	0	0	0	0	0	0	0	0	0	0.01497	0	0	0	0	0	0	0	0	0	0	0	0
GGB9707_SGB15229	0	0	0	0	0	0	0	0.12656	0	0	0.01381	0.01297	0	0	0	0	0.10393	0.07576	0.01568	0.04888	0.02028	0.01982	0
GGB9347_SGB14313	0.57715	0	0.02906	0	0	0	0.729	0	0	0	0.01316	0	0	0	0	0	0.52509	0.04696	0	0	0	0	1.67645
Prevotella_pallens	0	0	0	0	0	0	0	0	0	0	0.01259	0	0	0	0	0	0	0	0	0	0	0	0
GGB9597_SGB15022	0	0	0	0	0	0	0	0	0	0	0.01249	0.03228	0	0	0	0	0	0	0	0	0	0	0
Ruthenibacterium_lactatiformans	0.20498	0.66437	0.03334	0.00965	0	0	0.0509	0.0644	0	0	0.01212	0	0	0	0	0.0696	0.07505	0.03115	0.06479	0	0.02625	0.02708	1.06375
Veillonella_sp_3627	0	0	0	0	0	0	0	0	0	0	0.00986	0	0	0	0	0	0	0	0	0	0.07803	0	0
GGB4769_SGB6602	0	0	0	0	0	0	0	0	0	0	0.00976	0	0	0	0	0	0	0	0	0	0	0	0
Gemmiger_SGB15299	0	0	0	0	0	0.03734	0	0	0	0	0.00942	0	0	0	0	0	0	0	0.00149	0	0	0	0
Lachnospira_pectinoschiza	0	0	0.30815	0	0	0	0	0	0.01867	0	0.00896	0	0.13293	0.93155	0	0	0	0	0.1141	0	0.60239	0	0.04358
Sphingobacterium_multivorum	0	0	0	0	0	0	0	0	0	0	0.00826	0	0	0	0	0	0	0	0	0	0	0	0
Granulicatella_adiacens	0	0	0	0	0	0	0	0	0	0	0.00795	0	0	0	0	0	0	0	0	0	0	0	0
GGB9705_SGB15224	0	0	0.09818	0	0	0	0.00277	0.08669	0	0	0.00789	0	0	0	0	1.98787	0.1083	0.07621	0.04658	0.00413	0.1401	0	0
Ruminococcus_bicirculans	0.01067	0.18578	0	0	0	0	0	0.33404	0	0	0.00654	0.03861	0.73982	0.0384	0	0.25806	0.03241	0.15226	0.22285	0.24359	0	0.12999	0
Abiotrophia_sp_HMSC24B09	0	0	0	0	0	0	0	0	0	0	0.00642	0	0	0	0	0	0	0	0	0	0	0	0
Neisseria_cinerea	0	0	0	0	0	0	0	0	0	0	0.00604	0	0	0	0	0	0	0	0	0	0	0	0
GGB4651_SGB6438	0	0	0	0	0	0	0	0	0	0	0.00513	0	0	0	0	0	0	0	0	0	0	0	0
Ruminococcaceae_unclassified_SGB15233	0	0	0.02374	0	0	0	0.65073	0	0	0	0.00486	0	0	0	0	0	0.06947	0.23481	0.00176	0	0.02332	0	0
Prevotella_nanceiensis	0	0	0	0	0	0	0	0	0	0	0.00411	0	0	0	0	0	0	0	0	0	0	0	0
GGB4554_SGB6285	0	0	0	0	0	0	0	0	0	0	0.00393	0	0	0	0	0	0	0	0	0	0	0	0
GGB6127_SGB8773	0	0	0	0	0	0	0	0	0	0	0.00318	0	0	0	0	0	0	0	0	0	0	0	0
GGB9608_SGB15041	0	0	0	0	0	0	0	0	0	0	0.00308	0	0	0	0	0	0.04071	0	0	0.01999	0	0	0
Dorea_sp_AF24_7LB	0	0	0.00364	0	0	0	0	0	0	0	0.00227	0	0	0.00468	0	0.10935	0	0	0.03525	0	0	0	0
Streptococcus_sp_263_SSPC	0	0	0	0.00204	0	0.02451	0	0.01059	0	0	0.00201	0	0	0	0	0	0	0	0	0	0	0	0
Parasutterella_excrementihominis	0.00344	0	0.00643	0.3792	0	0	0	0	0	0	0.00195	0	0.08711	0.23751	0	0	0	0.0891	0.06392	0.02444	0.07526	1.12977	0
GGB6128_SGB8774	0	0	0	0	0	0	0	0	0	0	0.00161	0	0	0	0	0	0.32381	0	0	0	0	0	0
Dysosmobacter_welbionis	0.26734	0	0	0.06998	0	0.09127	0.028	0.01524	0	0	0.00155	0.04503	0.08402	0.02162	0	0.25171	0.29694	0.13925	0.06679	0.00572	0.11186	0.38563	0
Bacteroidaceae_unclassified_SGB1468	0	0	0	0	0	0	0	0	0	0	0.00145	0	0	0	0	0	0	0	0	0	0	0	0
Clostridium_sp_AF34_10BH	0	0.25158	0	1.84976	0	0.56511	0	0.01659	0	0	0.00144	1.08579	4.33797	0.47345	0	0.13458	0.51288	0.6446	0.12882	0.29948	0.28155	3.46264	0
GGB12796_SGB19893	0	0.00331	0	0	0	0	0	0	0	0	0.00102	0	0	0	0	0	0	0	0	0	0	0	0
GGB38171_SGB72433	0	0	0	0	0	0	0	0	0	0	0.00099	0	0	0	0	0	0	0	0	0	0	0	0
Lacrimispora_amygdalina	0	0.39684	0.00091	0.24213	0	0.12995	0	0.01745	0.01117	0	0.00073	0.16581	0.07138	0.07034	0	0	0.01231	0.2136	0.13098	0.11259	0.0455	0.05739	0
Clostridium_sp_AM33_3	0	0	0.01932	0.06154	0	0.01746	0	0.03093	0.00397	0	0.00066	0.17337	0.0595	0	0	0	0.10348	0.08491	0.07591	0.02343	0.02469	0.01387	0
GGB9237_SGB14179	0	0	0.00631	0	0	0	0.01653	0	0	0	0.00025	0.02664	0.01536	0	0	0	0	0	0	0	0	0	0.0488
GGB6613_SGB9347	0	0	0	0	0	0	0	0	0	0	0	4.54683	0	0	0	0	1.40028	0.2824	0	0	0	0	0
Alphaproteobacteria_bacterium	0	0	0	0	0	0	0	0	0	0	0	0.95065	0	0	0.70983	0	0	0	0	0	0	0	0
Rikenellaceae_unclassified_SGB2230	3.91797	0	0	0	0	0	10.26644	0	0	0	0	0.25804	0	0	0	0	0	0	0	0	0	0	0
Bacteroides_eggerthii	0.44856	0	26.06182	0	0	0	0	0	0	0	0	0.1451	0	0	0	0	0	0	2.34411	0	0	0	0.08436
Bacteroides_timonensis	0	0	0	0	0	0	0	0	0	0	0	0.1406	0	0	0	0	0	0	0	0	0	0	0.18532
Coprobacter_fastidiosus	0.04031	0	0	0	0	0	0	0	0	0	0	0.12332	0	0	0	0	0	0	0	0	0	0	0
Clostridiaceae_bacterium	0.08926	0.00561	0.09124	0.20056	0	0	0.10513	0.04497	0	0	0	0.04973	0.06559	0.02445	0	0	0.02832	0.27022	0.3044	0.03958	0.03582	0.11514	0
GGB9615_SGB15051	0	0	0	0	0	0	0	0	0	0	0	0.03747	0	0	0	0	0	0	0	0.02836	0	0	0
Clostridiales_unclassified_SGB15145	0	0.11695	0	0	0	0	0	0.00333	0	0	0	0.03601	0.06835	0	0	0	0	0.02121	0.05035	0.0109	0.01298	0	0
Clostridia_unclassified_SGB4121	0	0	0.07767	0	0	0	0	0.03008	0	0	0	0.02843	0	0	0	0.00952	0	0	0.07589	0	0	0	0.05969
GGB3571_SGB4778	0	0	0	0	0	0	0	0.0477	0	0	0	0.0278	0.0009	0	0	0	0	0.04926	0.01216	0.0187	0.01058	0	0
Lachnospira_sp_NSJ_43	0	0	0	0	0	0	0	0.0063	0	0	0	0.02247	0	0.03738	0	0.108	0.26987	0.58412	0	0	0.01703	0.00961	0.00182
GGB9621_SGB15073	0	0	0	0	0	0	0	0	0	0	0	0.01979	0	0	0	0	0	0	0	0	0	0	0
GGB9614_SGB15049	0	0	0	0	0	0	0	0.03373	0	0	0	0.01686	0.03714	0.16173	0.13214	0	0.05564	0.09127	0.02078	0.00578	0.05002	0.05175	0
GGB9705_SGB15225	0	0	0.0002	0.10425	0	0	0	0.03135	0	0	0	0.01201	0.1405	0.01199	0	0.12761	0.11117	0.084	0.00566	0	0.02114	0.03406	0
GGB9627_SGB15081	0.00426	0	0.01803	0	0	0	0.15603	0.07565	0	0	0	0.00904	0	0	0	0	0	0	0.0203	0	0	0	0
Clostridium_phoceensis	0	0	0	0.01167	0	0	0	0	0	0	0	0.00732	0	0	0	0	0.03455	0	0	0	0.00844	0.02929	0
Blautia_sp_OF03_15BH	0	0	0	0	0	0	0	0	0	0	0	0.00696	0	0	0	0	0	0	0	0.06505	0	0	0
GGB1215_SGB1581	0	0	0	0	0	0	0	0	0	0	0	0.00407	0	0	0	0	0	0	0	0	0	0	0
GGB9557_SGB14966	0	0	0	0.00805	0	0	0	0	0	0	0	0.00358	0	0	0	0.00808	0.0211	0	0	0	0.00126	0	0
Clostridiaceae_unclassified_SGB4769	0	0	0	0	0	0	0.01831	0	0	0	0	0.00356	0	0	0	0	0	0	0.00994	0	0	0	0
Phascolarctobacterium_faecium	0	0	0	0	0	0	0	1.48746	0	0	0	0	1.87353	0	0.96037	3.44319	3.59504	1.07123	0.04908	0.00655	1.02455	1.46827	0.1595
Pseudoruminococcus_massiliensis	0	0	0	0	0	0	0	0	0	0	0	0	1.10735	0	0	0	0	0	0	0	0	0	0
GGB6612_SGB9346	0	0	0	0	0	0	0	0	0	0	0	0	0.46339	0	0	0	0	0	0	0	0	0	0
Roseburia_sp_AF02_12	0.02731	0	0	0	0	2.79037	0	0	0.01587	0	0	0	0.3251	0	0	0.00762	0	0	0.56411	0.22084	0.0263	0.20362	0.00489
Ruminococcaceae_unclassified_SGB15260	0.07087	0	0.32719	0.15809	0	0	0	0.2293	0	0	0	0	0.31424	0	0	0	0	0	0	0.03428	0.29553	0	0
Bacilli_unclassified_SGB6478	0	0	0	0	0	0	0	0	0	0	0	0	0.3015	0	0	0	0	0	0	0.21497	0	0	0
Clostridium_sp_AF34_13	0	0	0	0	0	0	0	0	0	0	0	0	0.2513	0.54362	0	0	0	0	0	0	0.02248	0	0
Ruminococcaceae_unclassified_SGB4425	0	0	0	0	0	0	0	0	0	0	0	0	0.13631	0	0	0.1249	0	0.08455	0	0	0	0	0
Clostridiales_bacterium_KLE1615	0	0	0.00611	0.00257	0	0.00881	0	0.01823	0	0	0	0	0.10669	0.18626	0	0.00673	0.01612	0.02026	0.18211	0.14604	0.00565	0.01625	0
Parasutterella_SGB9260	0	0	0	0	0	0	0	0	0	0	0	0	0.10325	1.35584	0	0	0	0	0	0	0	0	0
GGB9634_SGB15093	0	0	0.01981	0	0	0	0	0	0.0022	0	0	0	0.09528	0.17367	0	0	2.86093	0.47726	0.41027	0	0.88807	0.0496	0
Turicibacter_sanguinis	0	0	0	0	0	0	0	0.00207	0	0	0	0	0.07413	0	0	0	0	0	0	0	0.0135	0	0
GGB3118_SGB4130	0	0	0	0	0	0	0	0	0	0	0	0	0.06985	0	0	0	0	0	0	0	0	0	0
Clostridium_sp_AM49_4BH	0	0	0	0	0	0	0	0.05469	0	0	0	0	0.05758	0	0	0	0.08825	0.18744	0.06688	0	0	0.27317	0.00318
Butyricicoccus_sp_AM29_23AC	0	0	0	0	0	0	0	0.15331	0	0	0	0	0.05602	0.17545	0	0	0.21713	0.52998	0.33104	0.02211	0.06659	0.02618	0
Eubacterium_sp_AF15_50	0	0	0.00154	0	0	0	0	0	0	0	0	0	0.05339	0	0	0	0	0.02469	0.49535	0.00383	0	0	0.06004
Blautia_faecicola	0	0	0	0	0	0	0	0.00652	0	0	0	0	0.05044	0.2008	0	0	0	0.00876	0	0	0	0	0
Blautia_sp_AF19_10LB	0	0	0	0	0	0	0	0	0	0	0	0	0.03934	0.51434	0	0	0	0.01747	0	0	0	0	0
GGB29535_SGB42321	0	0	0	0	0	0	0	0	0	0	0	0	0.03393	0	0	0	0	0	0	0	0	0	0
GGB9667_SGB15164	0	0	0	0	0	0	0.0255	0	0	0	0	0	0.03302	0	0	0.01267	0.07364	0.00122	0	0	0	0.28018	0.03443
GGB9615_SGB15052	0	0	0	0	0	0	0	0.01564	0	0	0	0	0.03143	0	0	0	0	0	0	0	0	0	0
GGB34228_SGB72916	0	0	0	0	0	0	0	0	0	0	0	0	0.02887	0	0	0.02765	0	0.02324	0.07143	0	0	0	0
Clostridiaceae_bacterium_OM08_6BH	0	0	0	0.01723	0	0.03107	0	0.00666	0	0	0	0	0.0279	0.10228	0	0.00144	0	0.00275	0	0.0179	0	0.00721	0
Clostridia_unclassified_SGB6371	0	0	0	0	0	0	0	0	0	0	0	0	0.02297	0	0	0	0	0	0.01352	0	0	0	0
Roseburia_hominis	0	0.14876	0	0.05998	0	0.02406	0	0.23871	0	0	0	0	0.01968	0	0	0.04879	0.02391	0.05082	0.10933	0.09746	0.0009	0.07643	0
Clostridium_sp_AF27_2AA	0	0.00616	0	0	0	0.00473	0	0	0	0	0	0	0.01681	0.13341	0	0	0.01897	0.03122	0	0.0018	0	0.03284	0
GGB6649_SGB9391	0.01598	0	0	0	0	0	0	0	0	0	0	0	0.01291	0	0	0	0	0	0	0	0	0	0
Bifidobacterium_pseudocatenulatum	0	0	0.25745	0	0	0	0.01501	0	0	0	0	0	0.01218	0.11858	0	0	0	0	0.03214	0	0	0	0
Streptococcus_salivarius	0	0	0.03432	0.04388	0	0	0	0.05064	0	0	0	0	0.01111	0.05591	0	0	0.0181	0	0	0	0.10273	0.0509	0.03853
Intestinimonas_gabonensis	0	0	0	0.01571	0	0	0	0	0	0	0	0	0.00397	0	0	0.00732	0.00653	0	0	0	0.00175	0.00311	0
Dysosmobacter_sp_NSJ_60	0.00299	0	0	0.01015	0	0.00093	0	0.00545	0	0	0	0	0.00342	0	0	0.03015	0.02013	0.01897	0.01119	0	0.00936	0.01652	0
GGB9522_SGB14921	0.00881	0	0	0	0	0	0.01149	0.01199	0	0	0	0	0.00171	0	0	0.01753	0	0.01986	0.0264	0	0.06083	0.00538	0.24301
Clostridiales_bacterium	0	0	0	0.05026	0	0	0	0	0	0	0	0	0.00075	0	0	0.02634	0.00219	0.02623	0.00864	0	0.03119	0.11705	0
GGB3614_SGB4886	0	0	0	0	0	0.08977	0	0	0	0	0	0	0.00072	0	0	0	0	0	0	0	0	0	0.00578
Dialister_invisus	0	1.26497	0	0	0	4.81882	0	0	0	0	0	0	0	0.39565	0	0.20006	0	0	0	8.06289	0	0	0.10369
Bifidobacterium_longum	0.07145	0.06922	0.032	0	0	0	0.56986	0.01418	0	0	0	0	0	0.3155	0	0.03376	0.07547	0	0.04672	0	0	0	0.14489
Faecalibacillus_faecis	0	0	0	0	0	0	0	0	0	0	0	0	0	0.12231	0	0	0	0	0	0	0	0	0
Haemophilus_parahaemolyticus	0	0	0	0	0	0	0	0	0	0	0	0	0	0.07002	0	0	0	0	0	0	0.0159	0	0
Evtepia_gabavorous	0	0.04451	0	0.018	0	0	0.10637	0.07914	0	0	0	0	0	0.06172	0	0.02673	0	0.00735	0.04731	0.02404	0.00184	0.01075	0
Clostridium_spiroforme	0	0.00446	0	0	0	0	0	0.21309	0	0	0	0	0	0.05474	0	0.03778	0	0	0.17339	0.0219	0	0	0
Bacilli_unclassified_SGB6540	0	0	0	0	0	0	0	0.17071	0	0	0	0	0	0.04821	0	0	0	0	0	0	0	0	0
Clostridia_unclassified_SGB4447	0	0	0	0.01742	0	0	0	0	0	0	0	0	0	0.04088	0	0	0	0	0.04739	0	0	0	0
Lachnospira_SGB5076	0	0	0	0	0	0	0	0	0	0	0	0	0	0.03655	0	0	0	0	0	0.15105	0	0	0
Eubacteriaceae_bacterium	0	0	0	0	0	0	0.0129	0	0	0	0	0	0	0.03559	0	0	0	0.25588	0.1725	0	0.01961	0	0
Streptococcus_sanguinis	0	0	0	0	0	0	0	0	0	0	0	0	0	0.02411	0	0	0	0	0	0	0	0	0
Megasphaera_elsdenii	0	0	0	0	0	0	0	0	0	0	0	0	0	0.0108	0	0	0	0	0	0	0	0	0
Clostridium_sp_NSJ_42	0	0	0	0	0	0.00381	0	0	0	0	0	0	0	0.00658	0	0	0	0	0.03764	0	0	0	0
Blautia_schinkii	0	0	0	0	0	0	0	0	0	0	0	0	0	0.00215	0	0	0	0	0	0	0	0	0
Slackia_isoflavoniconvertens	0	0	0	0	0	0	0	0.02414	0	0	0	0	0	0.00155	0	0	0	0	0	0	0	0	0
Fusobacterium_pseudoperiodonticum	0	0	0	0	0	0	0	0	0	0	0	0	0	0.00148	0	0	0	0	0	0	0	0	0
Dialister_hominis	0	0	0	0	0	0	0	0	0	0	0	0	0	0	0.26636	0	0	0	0.17246	0	0	0	0
Victivallis_vadensis	0	0	0	0	0	0	0.22907	0	0	0	0	0	0	0	0	1.22121	0.03167	0.38582	0	0.14277	0.03754	0.03095	0
Akkermansia_sp_KLE1605	0	0	0	0	0	0	0	0	0	0	0	0	0	0	0	1.04771	0	0	0.25982	0	0	0	27.27178
Ruminococcus_sp_NSJ_71	0	0	0	0	0	1.39513	0	0	0	0	0	0	0	0	0	0.67426	0	0	0	0	0	0	0
GGB3293_SGB4348	0	0.95475	0	0.81664	0	0	0.40084	0	0.01871	0	0	0	0	0	0	0.49957	0	0	0	0	0	0	0
Anaerotignum_lactatifermentans	0	0	0	0	0	0	0	0	0	0	0	0	0	0	0	0.33238	0	0	0	0	0	0	0
GGB9501_SGB14898	0	0	0	0	0	0	0	0	0	0	0	0	0	0	0	0.22818	0	0	0	0	0	0	0
Clostridium_sp_AF15_49	0	0	0	0	0	0	0	0	0	0	0	0	0	0	0	0.2131	0	0	0.27612	0	0	0	0.52602
Acidaminococcus_timonensis	0	0	0	0	0	0	0	0	0	0	0	0	0	0	0	0.12421	0	0	0	0	0	0	0
Porphyromonas_bennonis	0	0	0	0	0	0	0	0	0	0	0	0	0	0	0	0.11455	0	0	0	0	0	0	0
Intestinimonas_butyriciproducens	0.07782	0	0.00497	0.0708	0	0	0	0	0	0	0	0	0	0	0	0.11127	0	0	0	0	0.00037	0	0.05619
Flavonifractor_sp_An10	0	0	0	0	0	0	0	0	0	0	0	0	0	0	0	0.11094	0	0	0	0	0	0	0
GGB4487_SGB6184	0	0	0	0	0	0	0	0	0	0	0	0	0	0	0	0.06035	0	0	0	0	0	0	0
Bacteroides_nordii	0.44316	0	0.00281	0.05678	0	0	0	0.27172	0	0	0	0	0	0	0	0.04864	0	0	0	0	0	0.15696	0.49568
GGB9620_SGB15068	0	0	0	0	0	0	0	0	0	0	0	0	0	0	0	0.0261	0	0	0	0	0	0	0
Clostridiaceae_bacterium_NSJ_33	0	0	0	0	0	0	0	0	0	0	0	0	0	0	0	0.02495	0	0	0	0	0	0	0
Christensenellaceae_bacterium	0.00068	0	0.03907	0.01148	0	0	0	0	0	0	0	0	0	0	0	0.02104	0	0	0	0	0	0	0.00927
Megasphaera_hexanoica	0	0	0	0	0	0	0	0	0	0	0	0	0	0	0	0.01393	0	0	0	0	0	0	0
Candidatus_Geddesella_stercoravicola	0	0	0	0	0	0	0	0	0	0	0	0	0	0	0	0.01211	0	0	0	0	0	0	0
GGB9186_SGB14125	0	0	0	0	0	0	0	0	0	0	0	0	0	0	0	0.01073	0	0	0	0	0	0	0
GGB33516_SGB54347	0	0	0	0	0	0	0	0	0	0	0	0	0	0	0	0.01019	0	0.01234	0	0	0	0	0
Blautia_sp_MSK_20_85	0	0	0	0	0	0	0.26429	0.02534	0	0	0	0	0	0	0	0.00893	0.00312	0	0	0	0	0	0
Clostridiaceae_bacterium_NSJ_31	0	0	0	0	0	0	0	0	0	0	0	0	0	0	0	0.00702	0	0	0	0	0	0	0
Prevotella_buccalis	0.01216	0	0.00212	0	0	0	0	0	0	0	0	0	0	0	0	0.00702	0	0	0	0	0	0	0
Fenollaria_timonensis	0	0	0.00458	0	0	0	0	0.03903	0	0	0	0	0	0	0	0.00431	0	0	0	0	0	0	0.03993
Holdemania_massiliensis	0	0	0.00036	0	0	0	0	0	0	0	0	0	0	0	0	0.00334	0	0	0	0	0	0	0
Anaerotruncus_rubiinfantis	0.06995	0	0	0	0	0	0.01078	0.00082	0	0	0	0	0	0	0	0.00268	0	0	0	0	0	0	0
GGB4698_SGB6498	0	0	0	0	0	0	0	0	0	0	0	0	0	0	0	0	0.30307	0	0	0	0	0	0
GGB9176_SGB14114	0	0	0	0	0	0	0	0	0	0	0	0	0	0	0	0	0.26559	0	0	0	0	0.41519	0.23624
Bacilli_unclassified_SGB6502	0	0	0	0	0	0	0	0	0	0	0	0	0	0	0	0	0.22169	0	0	0	0	0	0
GGB4676_SGB6465	0	0	0	0	0	0	0	0	0	0	0	0	0	0	0	0	0.17375	0	0	0	0	0	0
GGB4549_SGB6271	0	0	0	0	0	0	0.9978	0	0	0	0	0	0	0	0	0	0.15964	0	0	0	0	0	0
Bacilli_unclassified_SGB6422	0	0	0	0	0	0	0	0	0	0	0	0	0	0	0	0	0.15473	0	0	0	0	0	0
Ruminococcaceae_unclassified_SGB4191	0	0	0	0	0	0	0	0	0	0	0	0	0	0	0	0	0.08726	0	0.02266	0	0	0.02848	0
GGB4588_SGB6347	0	0	0	0	0	0	0	0	0	0	0	0	0	0	0	0	0.03085	0	0.09933	0	0	0	0
Candidatus_Methanomassiliicoccus_intestinalis	0	0	0	0	0	0	0	0	0	0	0	0	0	0	0	0	0.02726	0	0	0	0	0	0.60386
Flavonifractor_plautii	0.25581	0.32559	0.01204	0.16974	0	0.04858	0.04768	0.07528	0	0	0	0	0	0	0	0	0.0173	0	0.06985	0	0.03225	0.05075	0
GGB52930_SGB73859	0	0	0	0	0	0	0	0	0	0	0	0	0	0	0	0	0.01218	0.00082	0	0	0	0	0
GGB9694_SGB15203	0.08123	0	0	0	0	0	0.09806	0	0	0	0	0	0	0	0	0	0.01189	0	0	0	0	0	0.00385
GGB9619_SGB15067	0	0	0	0	0	0	0	0	0	0	0	0	0	0	0	0	0.00168	0	0	0	0.04359	0	0
Muribaculum_gordoncarteri	0	0	0	0	0	0	0	0	0	0	0	0	0	0	0	0	0	3.71937	0	0	0	0	0
GGB4669_SGB6458	0	0	0	0	0	0	0.71901	0	0	0	0	0	0	0	0	0	0	1.39443	0	0	0	0	0
GGB4768_SGB6601	0	0	0	0	0	0	0	0	0	0	0	0	0	0	0	0	0	0.68183	0.59299	0	0	0	0
GGB6606_SGB9340	0	0	0	0	0	0	0	0	0	0	0	0	0	0	0	0	0	0.51075	0.08733	0.0039	0	0	0.14679
GGB1536_SGB2119	0	0	0	0	0	0	0	0	0	0	0	0	0	0	0	0	0	0.38394	0.16532	0	0	0	0
Clostridia_unclassified_SGB6344	0	0	0	0	0	0	0	0	0	0	0	0	0	0	0	0	0	0.34634	0	0	0	0	0
GGB4727_SGB6548	0	0	0	0	0	0	0	0	0	0	0	0	0	0	0	0	0	0.24611	0	0	0	0	0
Bacteroides_intestinalis	0	0	0.00504	0	0	0	0.22585	0	0	0	0	0	0	0	0	0	0	0.23833	0	0	0	0	0.13279
GGB9701_SGB15218	0	0	0	0	0	0	0	0	0	0	0	0	0	0	0	0	0	0.21574	0	0	0	0	0
Roseburia_intestinalis	0	0.02511	0	0	0	0	0.00962	0	0	0	0	0	0	0	0	0	0	0.2019	0.33378	0	0.33261	0.5247	0
Butyricimonas_paravirosa	0	0	0	0	0	0	0	0	0	0	0	0	0	0	0	0	0	0.16437	0.01615	0.0225	0	0.0921	0.14349
Bacilli_unclassified_SGB6571	0	0	0	0	0	0	0	0	0	0	0	0	0	0	0	0	0	0.11885	0	0	0	1.96107	0.38505
Eubacterium_sp_AF34_35BH	0	0	0	0	0	0	0	0	0	0	0	0	0	0	0	0	0	0.08535	0.4658	0	0	0	0
GGB3486_SGB4658	0	0	0	0	0	0	0	0	0	0	0	0	0	0	0	0	0	0.08526	0.25954	0	0	0.02554	0
Oxalobacter_formigenes	0	0	0	0.00505	0	0	0	0	0	0	0	0	0	0	0	0	0	0.06189	0	0	0.00033	0.12154	0
Frisingicoccus_SGB4674	0	0	0	0	0	0	0	0	0	0	0	0	0	0	0	0	0	0.04849	0	0	0	0	0.0227
GGB4596_SGB6358	0	0	0	0	0	0	0	0	0	0	0	0	0	0	0	0	0	0.04286	0	0	0	0	0
Candidatus_Gastranaerophilales_bacterium	0	0	0	0	0	0	0	0	0	0	0	0	0	0	0	0	0	0.03881	0	0	0	0.972	0.02005
Firmicutes_bacterium	0	0	0	0	0	0	0.01042	0	0	0	0	0	0	0	0	0	0	0.03878	0	0	0	0.00653	0.01374
GGB3478_SGB4643	0	0	0	0	0	0	0	0	0	0	0	0	0	0	0	0	0	0.03579	0	0	0	0.03706	0
Blautia_stercoris	0	0	0	0	0	0	0	0	0.01966	0	0	0	0	0	0	0	0	0.02325	0	0	0	0	0
GGB9524_SGB14924	0	0	0	0	0	0	0	0	0	0	0	0	0	0	0	0	0	0.01762	0.04612	0	0	0.08153	0
Parabacteroides_faecis	0	0	0	0	0	0	0	0	0	0	0	0	0	0	0	0	0	0.00726	0	0	0	0	0
Clostridium_sp_SN20	0	0	0	0	0	0	0	0	0	0	0	0	0	0	0	0	0	0.00396	0	0	0	0	0
GGB9787_SGB15410	0	0	0	0	0	0	0	0	0	0	0	0	0	0	0	0	0	0.00272	0.00678	0	0	0	0.05877
GGB3341_SGB4420	0	0	0	0	0	0	0	0	0	0	0	0	0	0	0	0	0	0.00152	0.20115	0	0	0	0
Lawsonibacter_sp_NSJ_52	0	0	0	0	0	0	0	0	0	0	0	0	0	0	0	0	0	0.00148	0	0	0	0.00251	0.34344
Enterocloster_bolteae	4.19911	0.01529	0	0.01744	0	0	0.01091	0.00201	0	0	0	0	0	0	0	0	0	0	0	0	0	0	0
Bacteroidaceae_bacterium	2.13897	0	4.74252	0	0	0	0	0	0	0	0	0	0	0	0	0	0	0	0	0	0	0	0
Parabacteroides_johnsonii	0.86514	0	0	0	0	0	0	0	0	0	0	0	0	0	0	0	0	0	0	0	0	0	0
Hungatella_hathewayi	0.71004	0.1715	0	0.00997	0	0	0	0.03545	0	0	0	0	0	0	0	0	0	0	0	0	0	0	0.1318
GGB4710_SGB6522	0.56921	0	0	0	0	0	0.02672	0	0	0	0	0	0	0	0	0	0	0	0	0	0	0	0
GGB1689_SGB2321	0.55424	0	0	0	0	0	0	0	0	0	0	0	0	0	0	0	0	0	0	0	0	0	0.47235
Clostridium_symbiosum	0.33232	0.2662	0	0.01332	0	0	0	0	0	0	0	0	0	0	0	0	0	0	0	0	0	0	0.02624
Intestinimonas_massiliensis	0.26331	0	0	0.01416	0	0	0.26769	0	0	0	0	0	0	0	0	0	0	0	0	0	0	0	0.02395
Desulfovibrionaceae_bacterium	0.18706	0	0.05977	0	0	0	0.04048	0	0.01068	0	0	0	0	0	0	0	0	0	0	0	0	0	0.00161
GGB6544_SGB9243	0.18115	0	0	0	0	0	0	0	0	0	0	0	0	0	0	0	0	0	0	0	0	0	0
Erysipelotrichaceae_bacterium_3_1_53	0.15357	0	0	0	0	0	0	0	0	0	0	0	0	0	0	0	0	0	0	0	0	0	0
Clostridia_unclassified_SGB3983	0.14006	0	0	0	0	0	0.02524	0	0	0	0	0	0	0	0	0	0	0	0	0	0	0	0
Prevotella_timonensis	0.13181	0	0	0	0	0	0	0	0	0	0	0	0	0	0	0	0	0	0	0	0	0	0
Anaerotruncus_colihominis	0.10016	0.03642	0	0.10782	0	0	0	0	0	0	0	0	0	0	0	0	0	0	0	0	0	0	0
Enterocloster_citroniae	0.09464	0.00858	0	0.0089	0	0	0	0	0	0	0	0	0	0	0	0	0	0	0	0	0.01351	0.00182	0
Christensenella_minuta	0.08461	0	0	0	0	0	0	0	0	0	0	0	0	0	0	0	0	0	0	0	0	0	0
Christensenella_massiliensis	0.05888	0	0	0	0	0	0.00389	0	0	0	0	0	0	0	0	0	0	0	0	0	0	0	0
Enterocloster_aldensis	0.04806	0.01898	0	0	0	0	0	0	0	0	0	0	0	0	0	0	0	0	0	0	0	0	0
Eisenbergiella_tayi	0.04341	0	0	0.00071	0	0	0	0	0	0	0	0	0	0	0	0	0	0	0	0	0	0	0
Finegoldia_magna	0.04174	0	0	0	0	0	0	0	0	0	0	0	0	0	0	0	0	0	0	0	0	0	0
GGB9694_SGB15204	0.0404	0	0	0	0	0	0	0	0	0	0	0	0	0	0	0	0	0	0	0	0	0	3.51475
Clostridium_innocuum	0.03655	0.01254	0.01172	0	0	0	0	0	0	0	0	0	0	0	0	0	0	0	0	0	0	0	0
Clostridia_unclassified_SGB4373	0.03528	0	0	0.13145	0	0	0	0	0	0	0	0	0	0	0	0	0	0	0	0	0	0	0
Eisenbergiella_massiliensis	0.02783	0.03001	0	0.02298	0	0	0	0	0	0	0	0	0	0	0	0	0	0	0	0	0	0	0
Lachnospiraceae_bacterium_NSJ_29	0.02737	0	0	0	0	0	0	0	0	0	0	0	0	0	0	0	0	0	0	0	0	0	0
Christensenellaceae_bacterium_NSJ_44	0.02571	0	0	0	0	0	0.00536	0	0	0	0	0	0	0	0	0	0	0	0	0	0	0	0
Clostridia_unclassified_SGB13999	0.01921	0	0	0	0	0	0	0	0.01907	0	0	0	0	0	0	0	0	0	0	0	0	0	0
Lachnospiraceae_bacterium_OM04_12BH	0.01825	0	0	0	0	0	0	0	0	0	0	0	0	0	0	0	0	0	0	0	0	0	0
Corynebacterium_amycolatum	0.01805	0	0	0	0	0	0	0	0	0	0	0	0	0	0	0	0	0	0	0	0	0	0.01296
Prevotella_disiens	0.01609	0	0.00071	0	0	0	0	0	0	0	0	0	0	0	0	0	0	0	0	0	0	0	0
Holdemania_filiformis	0.01598	0	0	0	0	0	0	0.00524	0	0	0	0	0	0	0	0	0	0	0	0	0	0	0
Corynebacterium_pyruviciproducens	0.01526	0	0	0	0	0	0	0	0	0	0	0	0	0	0	0	0	0	0	0	0	0	0
Ruminococcaceae_bacterium_AM07_15	0.01468	0	0	0	0	0	0	0	0	0	0	0	0	0	0	0	0	0	0	0	0	0	0
Methanobrevibacter_smithii	0.01467	0	0	0	0	0	0	0	0	0	0	0	0	0	0	0	0	0	0	0	0	0	0.44046
Campylobacter_hominis	0.01138	0	0	0	0	0	0	0.02718	0	0	0	0	0	0	0	0	0	0	0	0	0	0	0
Clostridium_scindens	0.01129	0.00604	0	0	0	0	0	0	0	0	0	0	0	0	0	0	0	0	0	0	0	0	0
Clostridium_leptum	0.01004	0	0	0	0	0	0	0	0	0	0	0	0	0	0	0	0	0	0.00095	0	0	0	0.06781
Enterocloster_lavalensis	0.00939	0	0	0.03011	0	0	0	0	0	0	0	0	0	0	0	0	0	0	0	0	0.01961	0	0
GGB9631_SGB15085	0.00873	0	0	0	0	0	0.13872	0	0	0	0	0	0	0	0	0	0	0	0	0	0	0	0
GGB9634_SGB15095	0.0082	0	0	0	0	0	1.53558	0	0.04332	0	0	0	0	0	0	0	0	0	0	0	0	0	0
GGB9636_SGB15107	0.00795	0	0	0	0	0	0.55697	0	0	0	0	0	0	0	0	0	0	0	0	0	0	0	0.02502
GGB1460_SGB2023	0.00781	0	0	0	0	0	0	0	0	0	0	0	0	0	0	0	0	0	0	0	0	0	0
Corynebacterium_aurimucosum	0.00637	0	0	0	0	0	0	0	0	0	0	0	0	0	0	0	0	0	0	0	0	0	0
Catabacter_hongkongensis	0.00544	0	0	0.00462	0	0	0	0	0	0	0	0	0	0	0	0	0	0	0	0	0	0	0
Schaalia_turicensis	0.00486	0	0	0	0	0	0	0	0	0	0	0	0	0	0	0	0	0	0	0	0	0	0
Peptostreptococcus_sp_MV1	0.00468	0	0	0	0	0	0	0	0	0	0	0	0	0	0	0	0	0	0	0	0	0	0
Neobittarella_massiliensis	0.00402	0	0	0	0	0	0	0	0	0	0	0	0	0	0	0	0	0	0	0	0	0	0
GGB9778_SGB15398	0.00303	0	0	0	0	0	0	0	0	0	0	0	0	0	0	0	0	0	0	0	0	0	0
GGB51960_SGB72480	0.003	0	0	0	0	0	0	0	0	0	0	0	0	0	0	0	0	0	0	0	0	0	0
Porphyromonas_somerae	0.00274	0	0.06781	0	0	0	0	0	0	0	0	0	0	0	0	0	0	0	0	0	0	0	0.55542
Enterocloster_clostridioformis	0.00142	0.05596	0	0	0	0	0	0	0	0	0	0	0	0	0	0	0	0	0	0	0	0	0
Porphyromonas_SGB1980	0.00083	0	0	0	0	0	0	0	0	0	0	0	0	0	0	0	0	0	0	0	0	0	0
Candidatus_Pararuminococcus_gallinarum	0.00028	0	0	0	0	0	0	0	0	0	0	0	0	0	0	0	0	0	0	0	0	0	0
Lawsonibacter_sp_NSJ_51	0.0002	0	0	0	0	0	0	0	0	0	0	0	0	0	0	0	0	0	0	0	0	0	0
Tyzzerella_nexilis	0	0	0	0	0	0	0	0	0	0	0	0	0	0	0	0	0	0	0.59351	0	0	0	0
Coprobacillus_cateniformis	0	0	0	0	0	0	0	0	0	0	0	0	0	0	0	0	0	0	0.22586	0	0	0	0
Comamonas_kerstersii	0	0	0	0	0	0	0.00875	0	0	0	0	0	0	0	0	0	0	0	0.15859	0	0	0	0
Clostridium_perfringens	0	0	0	0	0	0.12618	0	0	0	0	0	0	0	0	0	0	0	0	0.12458	0	0.0052	0	0
Clostridium_paraputrificum	0	0	0	0	0	0	0	0	0	0	0	0	0	0	0	0	0	0	0.11233	0	0	0	0
GGB9640_SGB15115	0	0	0	0	0	0	0	0	0	0	0	0	0	0	0	0	0	0	0.09364	0	0	0	0
Candidatus_Avimicrobium_caecorum	0	0	0	0	0	0.02141	0.02284	0	0	0	0	0	0	0	0	0	0	0	0.07583	0.0265	0.01361	0	0
Negativibacillus_massiliensis	0	0	0	0	0	0	0	0	0	0	0	0	0	0	0	0	0	0	0.06497	0	0	0	0
Bacteroidales_bacterium	0	0	0	0	0	0	0	0	0	0	0	0	0	0	0	0	0	0	0.04286	0	0	0	0
Acidaminococcus_intestini	0	0	0	0.13713	0	0	0	0	0	0	0	0	0	0	0	0	0	0	0.03299	0	0	0	0
Erysipelotrichaceae_bacterium	0	0	0	0	0	0	0	0	0	0	0	0	0	0	0	0	0	0	0.03103	0	0	0	0.08623
Intestinibacter_bartlettii	0	0.00966	0.01107	0	0	0	0	0.0019	0	0	0	0	0	0	0	0	0	0	0.02605	0	0	0	0
Clostridium_SGB6179	0	0	0	0	0	0.0232	0	0	0	0	0	0	0	0	0	0	0	0	0.02103	0	0.09631	0	0
GGB2982_SGB3964	0	0	0.00045	0	0	0	0	0	0	0	0	0	0	0	0	0	0	0	0.00882	0	0	0	0
GGB33432_SGB47280	0	0	0	0	0	0	0	0	0	0	0	0	0	0	0	0	0	0	0.00711	0	0	0	0
Candidatus_Pseudobutyricicoccus_lothianensis	0	0	0	0	0	0	0	0	0	0	0	0	0	0	0	0	0	0	0.00218	0	0	0	0
GGB51441_SGB71759	0	0	0	0	0	0	0	0	0	0	0	0	0	0	0	0	0	0	0.00158	0	0	0	0
GGB9512_SGB14909	0	0	0	0	0	0	0	0	0	0	0	0	0	0	0	0	0	0	0	0.06942	0	0	0
Ruminococcus_SGB4421	0	0	0	0	0	0	0	0	0	0	0	0	0	0	0	0	0	0	0	0.05373	0	0	0
GGB9697_SGB15213	0	0	0.06451	0	0	0	0.04894	0	0	0	0	0	0	0	0	0	0	0	0	0.03597	0	0	0
Blautia_glucerasea	0	0	0	0	0	0	0	0.00065	0.01364	0	0	0	0	0	0	0	0	0	0	0.01503	0	0	0
Klebsiella_pneumoniae	0	0	0	0	3.72039	0	0	0.18428	0	0	0	0	0	0	0	0	0	0	0	0	0.03464	0	0
Faecalimonas_umbilicata	0	0	0	0	0	0	0	0	0	0	0	0	0	0	0	0	0	0	0	0	0.01571	0	0
Desulfovibrio_fairfieldensis	0	0	0	0.27778	0	0	0	0	0	0	0	0	0	0	0	0	0	0	0	0	0.01394	0	1.06864
Campylobacter_concisus	0	0	0	0	0	0	0	0	0	0	0	0	0	0	0	0	0	0	0	0	0.00395	0	0
Aggregatibacter_segnis	0	0	0	0	0	0	0	0	0	0	0	0	0	0	0	0	0	0	0	0	0.00114	0	0
Actinomyces_graevenitzii	0	0	0	0.00102	0	0	0	0	0	0	0	0	0	0	0	0	0	0	0	0	0.00071	0	0
Odoribacter_sp_AF15_53	0	0	0	0	0	0	0	0	0	0	0	0	0	0	0	0	0	0	0	0	0	0.7887	0
Clostridium_ventriculi	0	0	0	0	0	0	0	0	0	0	0	0	0	0	0	0	0	0	0	0	0	0.67217	0
GGB6016_SGB8648	0	0	0	0	0	0	0	0	0	0	0	0	0	0	0	0	0	0	0	0	0	0.23317	0
Flavobacteriales_bacterium	0	0	0.02969	0	0	0	0	0	0	0	0	0	0	0	0	0	0	0	0	0	0	0.08337	0
Monoglobus_pectinilyticus	0	0	0	0	0	0	0	0	0	0	0	0	0	0	0	0	0	0	0	0	0	0.0023	0.1321
GGB9239_SGB14181	0	0	0	0	0	0	0	0	0	0	0	0	0	0	0	0	0	0	0	0	0	0.0009	0
Cloacibacillus_evryensis	0	0	0	0	0	0	0	0	0	0	0	0	0	0	0	0	0	0	0	0	0	0	4.05817
Clostridia_unclassified_SGB14297	0	0	0	0	0	0	0	0	0	0	0	0	0	0	0	0	0	0	0	0	0	0	2.49649
Pyramidobacter_piscolens	0	0	0	0	0	0	0	0	0	0	0	0	0	0	0	0	0	0	0	0	0	0	1.09787
Eisenbergiella_sp_OF01_20	0	0.00682	0.00905	0	0	0	0	0	0	0	0	0	0	0	0	0	0	0	0	0	0	0	0.95617
Ruminococcus_champanellensis	0	0	0	0	0	0	0	0	0	0	0	0	0	0	0	0	0	0	0	0	0	0	0.74808
GGB45495_SGB63167	0	0	0	0	0	0	0	0	0	0	0	0	0	0	0	0	0	0	0	0	0	0	0.64796
GGB4550_SGB6272	0	0	0	0	0	0	0	0	0	0	0	0	0	0	0	0	0	0	0	0	0	0	0.54227
Alistipes_inops	0	0	0	0	0	0	0	0	0.02307	0	0	0	0	0	0	0	0	0	0	0	0	0	0.51289
Bacteroidales_unclassified_SGB1954	0	0	0	0	0	0	0	0	0	0	0	0	0	0	0	0	0	0	0	0	0	0	0.48733
Extibacter_muris	0	0	0	0	0	0	0	0	0	0	0	0	0	0	0	0	0	0	0	0	0	0	0.35112
Opitutales_bacterium	0	0	0	0	0	0	0	0	0	0	0	0	0	0	0	0	0	0	0	0	0	0	0.33626
Parabacteroides_goldsteinii	0	0	0	0	0	0	0	0	0	0	0	0	0	0	0	0	0	0	0	0	0	0	0.2813
Clostridia_unclassified_SGB14844	0	0	0	0	0	0	0	0	0	0	0	0	0	0	0	0	0	0	0	0	0	0	0.22755
Ruminococcaceae_bacterium_D5	0	0	0	0	0	0	0	0	0	0	0	0	0	0	0	0	0	0	0	0	0	0	0.20583
Clostridia_unclassified_SGB15402	0	0	0	0	0	0	0	0	0	0	0	0	0	0	0	0	0	0	0	0	0	0	0.18705
GGB1662_SGB2276	0	0	0	0	0	0	0	0	0	0	0	0	0	0	0	0	0	0	0	0	0	0	0.18617
Clostridia_unclassified_SGB66170	0	0	0	0	0	0	0	0	0	0	0	0	0	0	0	0	0	0	0	0	0	0	0.15087
Butyricimonas_SGB1783	0	0	0.33103	0	0	0	0	0	0	0	0	0	0	0	0	0	0	0	0	0	0	0	0.1475
GGB36331_SGB53806	0	0	0	0	0	0	0	0	0	0	0	0	0	0	0	0	0	0	0	0	0	0	0.13712
GGB9052_SGB13957	0	0	0	0	0	0	0	0	0	0	0	0	0	0	0	0	0	0	0	0	0	0	0.10026
Massilistercora_timonensis	0	0	0	0	0	0	0	0	0	0	0	0	0	0	0	0	0	0	0	0	0	0	0.07723
GGB3569_SGB4776	0	0	0	0	0	0	0	0	0	0	0	0	0	0	0	0	0	0	0	0	0	0	0.07015
Clostridiales_bacterium_Marseille_P2846	0	0	0	0	0	0	0	0	0	0	0	0	0	0	0	0	0	0	0	0	0	0	0.06836
Clostridia_unclassified_SGB14951	0	0	0	0	0	0	0	0	0	0	0	0	0	0	0	0	0	0	0	0	0	0	0.06766
Neglecta_timonensis	0	0	0	0	0	0	0	0	0	0	0	0	0	0	0	0	0	0	0	0	0	0	0.06733
Enorma_massiliensis	0	0	0	0	0	0	0	0	0	0	0	0	0	0	0	0	0	0	0	0	0	0	0.06703
Dielma_fastidiosa	0	0.01802	0	0	0	0	0	0	0	0	0	0	0	0	0	0	0	0	0	0	0	0	0.05953
Coriobacteriia_bacterium	0	0	0	0	0	0	0	0	0	0	0	0	0	0	0	0	0	0	0	0	0	0	0.04401
Anaerotruncus_massiliensis	0	0	0	0	0	0	0	0	0	0	0	0	0	0	0	0	0	0	0	0	0	0	0.04182
GGB9059_SGB13976	0	0	0	0	0	0	15.64324	0	0	0	0	0	0	0	0	0	0	0	0	0	0	0	0.03723
GGB9694_SGB15201	0	0	0	0	0	0	0	0	0	0	0	0	0	0	0	0	0	0	0	0	0	0	0.02388
Clostridiales_bacterium_1_7_47FAA	0	0	0	0	0	0	0	0	0	0	0	0	0	0	0	0	0	0	0	0	0	0	0.02052
GGB9644_SGB15121	0	0	0	0	0	0	0	0	0	0	0	0	0	0	0	0	0	0	0	0	0	0	0.01724
Catenibacillus_scindens	0	0	0	0	0	0	0	0	0	0	0	0	0	0	0	0	0	0	0	0	0	0	0.01394
Parabacteroides_gordonii	0	0	0	0	0	0	0	0	0	0	0	0	0	0	0	0	0	0	0	0	0	0	0.01295
Eggerthellaceae_unclassified_SGB14341	0	0	0.00119	0	0	0	0	0	0	0	0	0	0	0	0	0	0	0	0	0	0	0	0.01286
Ruminococcus_gauvreauii	0	0	0	0	0	0	0	0	0	0	0	0	0	0	0	0	0	0	0	0	0	0	0.01185
Alistipes_dispar	0	0	0	0	0	0	0	0	0	0	0	0	0	0	0	0	0	0	0	0	0	0	0.01083
Candidatus_Metaruminococcus_caecorum	0	0	0	0	0	0	0	0	0	0	0	0	0	0	0	0	0	0	0	0	0	0	0.01045
Mesosutterella_multiformis	0	0	0	0	0	0	0	0	0	0	0	0	0	0	0	0	0	0	0	0	0	0	0.01016
Faecalicatena_contorta	0	0	0	0	0	0	0	0	0	0	0	0	0	0	0	0	0	0	0	0	0	0	0.00966
Candidatus_Heteroclostridium_caecigallinarum	0	0	0	0	0	0	0	0	0	0	0	0	0	0	0	0	0	0	0	0	0	0	0.0085
Peptoniphilus_grossensis	0	0	0	0	0	0	0	0	0	0	0	0	0	0	0	0	0	0	0	0	0	0	0.00732
GGB9694_SGB15207	0	0	0	0	0	0	0	0	0	0	0	0	0	0	0	0	0	0	0	0	0	0	0.00644
GGB26772_SGB38957	0	0	0	0	0	0	0	0	0	0	0	0	0	0	0	0	0	0	0	0	0	0	0.00603
GGB2980_SGB3962	0	0	0	0	0	0	0	0	0	0	0	0	0	0	0	0	0	0	0	0	0	0	0.00422
GGB9101_SGB14033	0	0	0	0	0	0	0	0	0	0	0	0	0	0	0	0	0	0	0	0	0	0	0.00377
Holdemania_sp_Marseille_P2844	0	0	0	0	0	0	0	0	0	0	0	0	0	0	0	0	0	0	0	0	0	0	0.00292
Eubacterium_limosum	0	0	0	0	0	0	0	0	0	0	0	0	0	0	0	0	0	0	0	0	0	0	0.00279
GGB9537_SGB14940	0	0	0	0	0	0	0	0	0	0	0	0	0	0	0	0	0	0	0	0	0	0	0.00212
Clostridium_sp_OM07_10AC	0	0	0	0	0	0	0	0	0	0	0	0	0	0	0	0	0	0	0	0	0	0	0.00111
Candidatus_Heteroruminococcus_faecigallinarum	0	0	0	0	0	0	0	0	0	0	0	0	0	0	0	0	0	0	0	0	0	0	0.00032
GGB4566_SGB6305	0	2.07211	0	0	0	0	0	0	0	0	0	0	0	0	0	0	0	0	0	0	0	0	0
Clostridium_sp_AT4	0	0.05078	0	0	0	0	0	0	0	0	0	0	0	0	0	0	0	0	0	0	0	0	0
GGB9532_SGB14933	0	0.04728	0	0	0	0	0	0	0	0	0	0	0	0	0	0	0	0	0	0	0	0	0
Enterocloster_asparagiformis	0	0.03932	0	0	0	0	0	0.00054	0	0	0	0	0	0	0	0	0	0	0	0	0	0	0
Clostridium_sp_C5_48	0	0.02563	0	0	0	0	0	0	0	0	0	0	0	0	0	0	0	0	0	0	0	0	0
Streptococcus_gordonii	0	0.02493	0	0.00152	0	0	0	0	0	0	0	0	0	0	0	0	0	0	0	0	0	0	0
GGB55957_SGB77276	0	0.00152	0	0	0	0	0	0	0	0	0	0	0	0	0	0	0	0	0	0	0	0	0
Clostridiales_bacterium_Marseille_P5551	0	0.00019	0	0	0	0	0	0	0	0	0	0	0	0	0	0	0	0	0	0	0	0	0
GGB9730_SGB15290	0	0	0.01759	0	0	0	0	0	0	0	0	0	0	0	0	0	0	0	0	0	0	0	0
Slackia_piriformis	0	0	0.01432	0	0	0	0	0	0	0	0	0	0	0	0	0	0	0	0	0	0	0	0
Intestinibacter_SGB6139	0	0	0.01204	0	0	0	0	0	0	0	0	0	0	0	0	0	0	0	0	0	0	0	0
Phocaeicola_plebeius	0	0	0.0102	0	0	0	0	0	0	0	0	0	0	0	0	0	0	0	0	0	0	0	0
Longicatena_caecimuris	0	0	0.00818	0	0	0	0	0.24586	0	0	0	0	0	0	0	0	0	0	0	0	0	0	0
Peptostreptococcus_anaerobius	0	0	0.00749	0	0	0	0	0	0	0	0	0	0	0	0	0	0	0	0	0	0	0	0
Peptoniphilus_senegalensis	0	0	0.00481	0	0	0	0	0	0	0	0	0	0	0	0	0	0	0	0	0	0	0	0
GGB9423_SGB14792	0	0	0.00467	0	0	0	0	0	0	0	0	0	0	0	0	0	0	0	0	0	0	0	0
GGB4277_SGB5832	0	0	0.00463	0	0	0	0	0	0	0	0	0	0	0	0	0	0	0	0	0	0	0	0
Massilimicrobiota_sp_An134	0	0	0.00341	0	0	0	0	0	0	0	0	0	0	0	0	0	0	0	0	0	0	0	0
Mediterraneibacter_glycyrrhizinilyticus	0	0	0.00315	0	0	0	0	0	0	0	0	0	0	0	0	0	0	0	0	0	0	0	0
GGB9590_SGB15012	0	0	0.00257	0	0	0	0	0	0	0	0	0	0	0	0	0	0	0	0	0	0	0	0
Clostridiales_bacterium_NSJ_40	0	0	0.00256	0	0	0	0.00199	0	0	0	0	0	0	0	0	0	0	0	0	0	0	0	0
Clostridium_sp_AF32_12BH	0	0	0.00206	0	0	0	0	0	0	0	0	0	0	0	0	0	0	0	0	0	0	0	0
GGB3570_SGB4777	0	0	0.00176	0	0	0	0	0	0	0	0	0	0	0	0	0	0	0	0	0	0	0	0
Ezakiella_coagulans	0	0	0.00144	0	0	0	0	0.00454	0	0	0	0	0	0	0	0	0	0	0	0	0	0	0
Prevotella_SGB1653	0	0	0.00105	0	0	0	0	0	0.00086	0	0	0	0	0	0	0	0	0	0	0	0	0	0
Pseudoflavonifractor_SGB15156	0	0	0.00064	0	0	0	0.09842	0	0	0	0	0	0	0	0	0	0	0	0	0	0	0	0
GGB6012_SGB8640	0	0	0	4.61222	0	0	0	0	0	0	0	0	0	0	0	0	0	0	0	0	0	0	0
Butyricimonas_faecalis	0	0	0	0.65342	0	0	0	0	0	0	0	0	0	0	0	0	0	0	0	0	0	0	0
Megasphaera_sp_BL7	0	0	0	0.18303	0	0.02664	0	0	0	0	0	0	0	0	0	0	0	0	0	0	0	0	0
Bacteroides_congonensis	0	0	0	0.01559	0	0	0	0	0	0	0	0	0	0	0	0	0	0	0	0	0	0	0
Sutterella_SGB9281	0	0	0	0.01278	0	0	0	0	0	0	0	0	0	0	0	0	0	0	0	0	0	0	0
Porphyromonas_SGB1977	0	0	0	0.01003	0	0	0	0	0	0	0	0	0	0	0	0	0	0	0	0	0	0	0
Clostridia_bacterium_UC5_1_1D1	0	0	0	0.00267	0	0	0	0	0	0	0	0	0	0	0	0	0	0	0	0	0	0	0
GGB58158_SGB79798	0	0	0	0.00263	0	0	0	0	0	0	0	0	0	0	0	0	0	0	0	0	0	0	0
GGB51510_SGB71883	0	0	0	0.00018	0	0	0	0	0	0	0	0	0	0	0	0	0	0	0	0	0	0	0
Enterococcus_gallinarum	0	0	0	0	38.0379	0	0	0	0	0	0	0	0	0	0	0	0	0	0	0	0	0	0
Bifidobacterium_crudilactis	0	0	0	0	24.95474	0	0	0	0	0	0	0	0	0	0	0	0	0	0	0	0	0	0
Lactococcus_lactis	0	0	0	0	11.20517	0	0	0	0	0	0	0	0	0	0	0	0	0	0	0	0	0	0
Peptostreptococcus_SGB749	0	0	0	0	5.46595	0	0	0	0	0	0	0	0	0	0	0	0	0	0	0	0	0	0
Roseburia_SGB4958	0	0	0	0	0	0.24669	0	0	0	0	0	0	0	0	0	0	0	0	0	0	0	0	0
Clostridium_disporicum	0	0	0	0	0	0.04079	0	0	0	0	0	0	0	0	0	0	0	0	0	0	0	0	0
GGB3817_SGB5182	0	0	0	0	0	0.00773	0	0.05715	0	0	0	0	0	0	0	0	0	0	0	0	0	0	0
Corynebacterium_durum	0	0	0	0	0	0.00695	0	0	0	0	0	0	0	0	0	0	0	0	0	0	0	0	0
Phocea_massiliensis	0	0	0	0	0	0.00022	0	0	0	0	0	0	0	0	0	0	0	0	0	0	0	0	0
Brachyspira_aalborgi	0	0	0	0	0	0	9.04941	0	0	0	0	0	0	0	0	0	0	0	0	0	0	0	0
Rikenellaceae_unclassified_SGB2227	0	0	0	0	0	0	1.22695	0	0	0	0	0	0	0	0	0	0	0	0	0	0	0	0
Prevotellamassilia_timonensis	0	0	0	0	0	0	0.86089	0	0	0	0	0	0	0	0	0	0	0	0	0	0	0	0
Bifidobacterium_angulatum	0	0	0	0	0	0	0.75075	0	0	0	0	0	0	0	0	0	0	0	0	0	0	0	0
GGB9284_SGB14237	0	0	0	0	0	0	0.34838	0	0	0	0	0	0	0	0	0	0	0	0	0	0	0	0
Bifidobacterium_catenulatum	0	0	0	0	0	0	0.29166	0	0	0	0	0	0	0	0	0	0	0	0	0	0	0	0
GGB6565_SGB9274	0	0	0	0	0	0	0.26441	0	0	0	0	0	0	0	0	0	0	0	0	0	0	0	0
GGB9288_SGB14243	0	0	0	0	0	0	0.21723	0	0	0	0	0	0	0	0	0	0	0	0	0	0	0	0
Butyrivibrio_crossotus	0	0	0	0	0	0	0.17052	0	0	0	0	0	0	0	0	0	0	0	0	0	0	0	0
Lachnospiraceae_unclassified_SGB4892	0	0	0	0	0	0	0.13855	0	0	0	0	0	0	0	0	0	0	0	0	0	0	0	0
GGB9631_SGB15087	0	0	0	0	0	0	0.1128	0	0	0	0	0	0	0	0	0	0	0	0	0	0	0	0
GGB9635_SGB15103	0	0	0	0	0	0	0.09541	0	0	0	0	0	0	0	0	0	0	0	0	0	0	0	0
GGB9618_SGB15064	0	0	0	0	0	0	0.09493	0	0	0	0	0	0	0	0	0	0	0	0	0	0	0	0
Traorella_massiliensis	0	0	0	0	0	0	0.07449	0	0	0	0	0	0	0	0	0	0	0	0	0	0	0	0
Prevotella_stercorea	0	0	0	0	0	0	0.06158	0	0	0	0	0	0	0	0	0	0	0	0	0	0	0	0
GGB9350_SGB14317	0	0	0	0	0	0	0.05551	0	0	0	0	0	0	0	0	0	0	0	0	0	0	0	0
GGB4671_SGB6460	0	0	0	0	0	0	0.04667	0	0	0	0	0	0	0	0	0	0	0	0	0	0	0	0
GGB9591_SGB15013	0	0	0	0	0	0	0.04299	0	0	0	0	0	0	0	0	0	0	0	0	0	0	0	0
GGB9646_SGB15123	0	0	0	0	0	0	0.04293	0	0	0	0	0	0	0	0	0	0	0	0	0	0	0	0
GGB4700_SGB6506	0	0	0	0	0	0	0.04209	0	0	0	0	0	0	0	0	0	0	0	0	0	0	0	0
GGB4667_SGB6456	0	0	0	0	0	0	0.03264	0	0	0	0	0	0	0	0	0	0	0	0	0	0	0	0
GGB4702_SGB6509	0	0	0	0	0	0	0.02733	0	0	0	0	0	0	0	0	0	0	0	0	0	0	0	0
Intestinimonas_timonensis	0	0	0	0	0	0	0.01023	0	0	0	0	0	0	0	0	0	0	0	0	0	0	0	0
Clostridia_unclassified_SGB6302	0	0	0	0	0	0	0.00618	0	0	0	0	0	0	0	0	0	0	0	0	0	0	0	0
Bacilli_unclassified_SGB6487	0	0	0	0	0	0	0.005	0	0	0	0	0	0	0	0	0	0	0	0	0	0	0	0
Faecalitalea_cylindroides	0	0	0	0	0	0	0.00038	0	0	0	0	0	0	0	0	0	0	0	0	0	0	0	0
GGB6572_SGB9284	0	0	0	0	0	0	0	0.65192	0	0	0	0	0	0	0	0	0	0	0	0	0	0	0
Prevotella_corporis	0	0	0	0	0	0	0	0.10606	0	0	0	0	0	0	0	0	0	0	0	0	0	0	0
Streptococcus_sp_A12	0	0	0	0	0	0	0	0.03167	0	0	0	0	0	0	0	0	0	0	0	0	0	0	0
GGB1456_SGB2019	0	0	0	0	0	0	0	0.0242	0	0	0	0	0	0	0	0	0	0	0	0	0	0	0
GGB58485_SGB80143	0	0	0	0	0	0	0	0.00934	0	0	0	0	0	0	0	0	0	0	0	0	0	0	0
GGB4456_SGB6141	0	0	0	0	0	0	0	0.00688	0	0	0	0	0	0	0	0	0	0	0	0	0	0	0
Ruminococcaceae_unclassified_SGB14835	0	0	0	0	0	0	0	0.00637	0	0	0	0	0	0	0	0	0	0	0	0	0	0	0
GGB12785_SGB19823	0	0	0	0	0	0	0	0.00263	0	0	0	0	0	0	0	0	0	0	0	0	0	0	0
Actinomyces_sp_S6_Spd3	0	0	0	0	0	0	0	0.0003	0	0	0	0	0	0	0	0	0	0	0	0	0	0	0
Prevotella_copri_clade_D	0	0	0	0	0	0	0	0	1.03644	0	0	0	0	0	0	0	0	0	0	0	0	0	0
GGB1235_SGB1614	0	0	0	0	0	0	0	0	0.69205	0	0	0	0	0	0	0	0	0	0	0	0	0	0
Elusimicrobiales_bacterium	0	0	0	0	0	0	0	0	0.4423	0	0	0	0	0	0	0	0	0	0	0	0	0	0
GGB3623_SGB4900	0	0	0	0	0	0	0	0	0.17101	0	0	0	0	0	0	0	0	0	0	0	0	0	0
Bacteroides_clarus	0	0	0	0	0	0	0	0	0.13427	0	0	0	0	0	0	0	0	0	0	0	0	0	0
Fusobacterium_mortiferum	0	0	0	0	0	0	0	0	0.04644	0	0	0	0	0	0	0	0	0	0	0	0	0	0
Prevotella_sp_P4_51	0	0	0	0	0	0	0	0	0.0393	0	0	0	0	0	0	0	0	0	0	0	0	0	0
Lactobacillus_delbrueckii	0	0	0	0	0	0	0	0	0.03093	0	0	0	0	0	0	0	0	0	0	0	0	0	0
Mediterraneibacter_sp_gm002	0	0	0	0	0	0	0	0	0.00749	0	0	0	0	0	0	0	0	0	0	0	0	0	0
Bacilli_unclassified_SGB6473	0	0	0	0	0	0	0	0	0.00588	0	0	0	0	0	0	0	0	0	0	0	0	0	0
Candidatus_Nanosynsacchari_sp_TM7_ANC_38_39_G1_1	0	0	0	0	0	0	0	0	0.00271	0	0	0	0	0	0	0	0	0	0	0	0	0	0
